’ 1000010100.

03111111,1418,18.30, 108,11.’118,7 ·

10.51,10.101,13.
1⁶75
1311611111 11. 103, 4
egestatem 18,1 41, 15
72 11· 1131 .
1316117119, 11 ,
13,111 9 57, 8

86010614

‘⁰8¹³‘ 372 23· 49. 3, ἅθ’

eorum 5, 8. 6, ¹3· 8, 5,
12, 4, 611.

e018,12, 18 16, 18 30,
20, &c.

7160061117, 16 ,
1110169,16
6116611097
111310116111,’5·
111961011861.107,11

1119611101104,8 107, 9111118917 88,1. 98,

19 ’8. 118,11

131130,17.178,1.197,11881101998. 97, 5. eosque32, 15. 55, 6·

“ 13811115, 11 131, 9

egit 158 8 133,1ο6
⁶10329· 415· 519·6

8,1, 16, 611.
1311111131, ι9. 134,17.
- Ι53114

egredi 101,11. 151, 14
egrediar 54,’1.

egredienti 39, 8
egredientibus 110,18
egreditur 137, ²4
Ι13111601110173,14

131131118,1371·11 58, 1101645

· 10. 65,4, 611.
egregiam 49,

1311311116, 15
131131113016.131,1
131131116011.115,11.

161‚9
egregio 201 36
egregios 204, 14
13113100111513ΙΙ 131,1
1313Ξο1 1,0 17. 48,1

118, 13
1311811169, 11·

1311161131. 138, 1. 101, 1091011610187, 16

03916036999 16. 139,

16,19.141,1.186,5101816. 64,11197,1900546111,

1311606901 93, 7
13061145, 106

1311161153,
eguirri231,1
eheu 70,
11100101· 111114.
41 &e. .
eique 91,11 .
1716811707
1716801691110919
888 87159 255713
eisdem217, 14
116901 14,3
1711110417

. , ,
·- egrederetur 102,5. 112, 5 11059οΞ118, 10

Ι 110181514611 ·

111, 11

111· 1310111133, 1 11

.10901110149111 1911110 175 9 ’

eloquentia} 5,18 190711118, 115

11091111100011610.150,19011111415.134,5
1901011, ¹3

. 1901811111,11

equestri 14, 11. 111, 11

1016171191, 36 101, 9

1901861.105,1.106,9,
14 147,1.171,3

equidem 41, 15. 41,8.
451 Ι71 ⁸1⁶·

equ ἒ,ε7 10 53111. 111,
13, 6.·1.

191 'stolam 121, 10 11, 187,

Ι10111135, 4

eluuntur 119,111
1011611117,1
10110111060,39 4 Ι
110113001193, 1
111101011198. 115, 18

eminebant 140,17. 187, 5

eminens 193 7 1906901113 28

1111Ξ111111Ξ601139,13 190 tarr 62 8

eminus 106, 3,· 25. 111, equitatu 79, 16. 104, 9,
5,40.141,..3.,164 11 611.

1011811111, 11. .115,9 1911010011057111,1.5

1018101541 111, 6. 138,1

190111111033.119,19.
148,18

1901,1116 14. 36,6. 99,
6,.611.

1901060316, 11. 80, 5, 83,

190160069410511.
117,5.150,14

emori 18, 2. 73,- 3
1111910165, 7
em5t,101233o
1111910101 95 18 ·

emundi “ 76 12
10100118,11

’7 Ῑ971

²3
enrre179,5 equorum 42, 21 114, 11
601111401105,11 1900111,6100,14.147,
0110413,17.71,1117

141, 10, 1117161. 1111966
enimvero-,310.18,4 1111117916. 8151011,
1115100180, 19. 81,14 1, &c
1110111168, 16 111ῖ5,7. 6, 14. 7, 9. 12,
enites. ere 49, 20 14, et α 161 frequenter
eniti210,3 1119ῖ131,137,11.69.
11116111Ξο166,4 ’ 14, 72, 11.181,1.
1000110161141, 1 117,11
enumerem 178 1 0171111997

1901161111, 18 11191310 36, 3

‘¹ 1701111. 15,1. 16,13, 10 56 7,3.11,14 14, ereptis 188 16

15, 611.
ejusque 111, 31
ejusdem 118, 24 ¹⁵⁶3, 1⁶·

6. 16, 410, &c ereptum ¹342?
18611115,5.10,11.56,113070,115,6,
147 &C Ι 17188681

¹3¹»

 

