. INDEX

1111911918. ι78,1 116ῑ11111111119, 14 15,811.· ·
receptam 111, 8 redundantibus 176, 23 regnoque 118,16
1111511169, 15 1611111799 regnum 5,11. 96,15,811.
receptui 165, 10. 144, ιο 1161111157,8 114111141165, 5. 164111
1111911161,17 1111115918 114,8. 191,16
recidam, ιι “ 111111144,1ο 1151611113. 190,11
11117111 170,1 11111111158,4 ’ regreditur 14ο,1
recipi 84, ιο referebantur 67, 14 regrefl'u 175, ¹4
recipiebant 106,6 refert 23, 1. 59,17. 46,11111181115,5.177,1. 174,
1111711111, 3. 170,16 14 41
, recipiundum 193, 15 11111116111159,14 reguli 66, 8. ⁶⁷⁸9 1
· 1111561111 115, 1ο 1111111167,11 1141111676 ,
1161111159] 1161111117,11 1111111.16.91,16. 117,
1116111181,15 1161111157,14 1. 118, 15. ι56,1 ,
“citetis 81, 11 reficit 108, 6 regunt 117,1ο
1111111117, 8. 17,18 11111111101,6 111917. 6,1. 1914,
1116911111111119, 17 regatur 57, 3 811.
1110411611114,5 1151419. 61, 8. 94, 17, 1111111113, 13. 5, 7, 16,
recordari 178, 14 uec. 11 11ίό171111.
1161641, 8. 8114, 90, 1141111177,8,11 1641111515
14, 611. regebantur 76, 4 relaturum 231, 9
, 11611611,1. 188,18 11411116, 4. 66, ς. 671 1111611794. 151,11.1ο4,
11110158, 15 17, 811. 3⁶
1111111 17117 1141115913. 166,15 ,11111119ῃό
116101111110,5 1141111584 1111611111,14. 151,6
recuperandae 85,7 regerentur 58,4 1166111947. 95,1. 177,
111111118918· 119111, 9. 6,16. 8,11, 1,811.
111114111101,3, Sec. ιτῖἱᾶῑιω 55, 9. 94, 11,
11661171,10 11511411191,11 stc. -
redde227,3 11416111. 91,11.194,11116111141,17
11661161 198, 1 19, διε. religione 114,4
1166111141,14 reginum. 15515 religiufiffimi10‚14
1166111164, 9 tugiam 114,15. 148, 18 nunquan: 134,4
11661 197,1 regibus 7, 5. 48,17. 119, relinquatis 53,ss
1166161111167,7 6,811. 111114111161111179,18. 151, ¹ ἶ
11661611 171, 15 regii 101, 7 10
11661111155,19 114ῐ1111189,15 111ἰ1411118,19. 51,13
1166111117,18 1141151116. 66, 7. 107, relinquimus 16,17 -
11161111 178, 5. 201,9 1. 158,16 seuque 53, ¹4· 85,14,1ιε’.
redemptoris 104, 16 regione 22, 23 1111411119, 5 .
1161161,7. 101, 7. 117,1191111195,1. 115,11 ² relinquam 5,1
2 regionibus 171, 14 1164111154, 1 .
1161111ι5ο,5 regionem 145, 17 1611111161, 5. 148, 11.
redeuntes 146, 5 regius 108,15 149, 3
116111111111118,6 1111617. 74,1,11,611·111141111551516. 186,
sedlbunt 180, 9 regit 148, 3 7 Ι
1161111165, 4. 146, 24 119111116411 111141111ῑ1116,6
7,,’111111185 5 11411116, 1916. 91. 16. 1111411111115,15
116111111145, 17 111,1ς 111ῐ41111111111,1. 18,1
11611111111,19 1141118914. 127, 23³&ss reliqui 19, 5· ¹8, 15. 11,
redire133‚9 regni 65, 91 ¹2· 631 141 231310 ’
1161111118, 10 &a reliquit ¹⁶51st
meinung. 154,11 regnique 70,1 111141111183, 15
,pd'2ffi152‚4. 172‚2 1141113131), 17 reliqu154, 10
1111111869. 18115 15116115. 69, 5. 70,

 

