- e . .
ψ VOCABULORUM. ⁶

8181181118111167,8 8111111695 Ι “ 8111111811,14.17,1
distribuerat 50, 11. 157, diutius 32, 6. 51, 9. 111, 8111111111115, 11
,9, 146, 7 11 8611111191,5.,115,8
distribuerentur 24, 2 diuturna 24, 5. 211, 7, 9 dominatio 118, 16
distringi 202, ¹3 811111111111116, 16 dominatione 11, 11. 179,
81811611111166, 15 diuturnitatem 177, 5 16. 181,11
disturbatur167,8 “ diuturnoque 116,1 ‘ dominationem 5, 19. 88,
disturbaverant 220, 3 divulgatur 6911 17, dec.
8181181111117, 7 divulgavit 86, 4 dominationemque 7, 1
ditionem 17, 11 dixerat 5914. 114, 15 e 811111111111 1594
811111118914 8118115914. 14911 dominatioui214,13· 17, 1.
818 1, 5. 59115. 95, 5. 8111111141,19 8919811.
101, 1⁵, ἃς. ι ’ dixerunt 409 22· 234521 dominatui* ⁷, 20· 4095
ditique ¹74, ⁶ dixi 50, 4 8111111111 181, 8
divelli 41,2 t diximus 198. 51,15.86,,811111111 162,4· 1ο8,15
81111116,5,157,’7. 176, 16. 91, 9, dcc. 8111111111188,7. 185114
19811. 81118141, 1. 95, 17. 116, dominos 18ο,191, 15
,musas 27,77 , · 4 811111115911. 187, 11
8111181, 1ο. 17, 8. 67, 81111594. 599. 116,1 8111111119, 9. 1595.
17. 15918 docendumque 179, 2 8111111119, 18
8111111159, 11. 49, 8. 172, 811111115, 11 8111111811. 115, 17
14 ’ 811111 14, 4 Domitii 222, 4 v
diverfiffimas 151, 11 ’8111116918 , 1)οωί111118,6
811111815915 = 81111199..119,8.5ο4,1)ο11111111 169, 18. 111, -
diverso 46, 6 54 , 21 '
81111111111, 14 81111195 domo 30, 15. 56, 9. 67,
811111117918 81611195 ’ 19811.
· 81111111, 18 , tutti 116, 4. 14911 8111111111, 5
8111811111164,17 doctissime 141, 23 domus 1'0, 1915. 18, 1ο. t
dividerent 74,7 ⁴ dottiffimomm157,7 , 41,4, 811.
811181 67, 6 8161111811 155, 4 8111111117, 15 ,
811181178, 5 8181167, 16,155, 5. 7ο, domum 9, 19. 11, 8. 15.
divinato, ,111 61, 11. 88, 1 ⁴ 2, 811. '
9111. docu²mut 114, 7 Ι 8111111111, 15. 119, 7
81111111158, 16 8111111195 8111159111. 149, 9194,
divino 115, 15 documenta 8, 17 Ι ·
’81111154,11’..158,7 811118117911 81111118,6.155,11 .
divisam 118,11 dolens 32, 21 donatum 64.1
divisa77,5 dolentia 129,4 ’81111149 7. 148,16 · ’
81111111 74, 15. 75, 7. 81111115915 ¹ 81114911. 61, 11. 155.
11916 81111914. 11, 4. 61, 1ο, 17. 161, 15. 197, 9.
diviso 79,7 dec. 198, 5. 1691 .
’ , 8111114911 811149, 6. 115, 5. 151, 1, donoque 185, ¹5
divitem 189, 18 dcc. dormiente 111, 9
divites 30, 16 dolor 11914 · dormientis 67, 17
81116118, 16. xo, 7. 11, 8111111111. 79, 17. 96, 8111111111,1ο
6, dec. 6. 118,18, “ ¹ 1111111119, 17. 11141
divitiarum 2, 4. 4911. 8111111918. 67, 5. 111, 8116119911. 11911
74,1, &c- 3, 189, 5. 191, 17., 111, duae 78, 6. 191, 16
1111111117, 1917. 18, 8, 20 duas 16,1. 51, 18. 67,
19111181· , 8111111, 17. 115, 5. 117, 15. 98, 9111.
8111111 11, 9. 18, 6. 57, 15. 184, 9. 119, 18 dubia 154, 11. ³140, 11,
19811. domesticum 156, 15 212, 14. 1198
diversi 116, 7. 119, 158111181111116, 15 84181118, 15
146,4 . 811116, 5, 18. 4, 11414. 1111181496. 18916 ’
8111111199, 5 ’14. 19811. - dubiis 51, 1.,41, 1.’ 69,
1111111181, 15 ’ domique 98,8 ⁴ 15. 16615

 

