161116161616.

8711911111 18, 77. 67, 77. impius 70, 21
’ 171,7 1696116778

7 11691111161111167, 77, 154, 1111711711 77 71 Ι

23 ¹impigrret82,11 '
816911117717. 97, 75.8169191ὲι75,77 146,76
111,2 114,11177,196,6
79 8169’1,711677 1
imperata 114, 7. 175,8 nupigros81, 9 ·
816911116176, 6. 57, 6 86168141, 17 882,8 „
. 67, 8, 14, 811. 81698677,5. 189,12
imperatore 18, 20. 164. 869111117617
17811. 6696111111, 77
1 ·81819111161116 81, 76. 114, 86981671811,’41
7, dec. 861981 citae 188, 7
86771116111777. 77,14, 1698771661761,7 .
1 1169 7 ,
8691111618161, 7. 777, 7, mpioteeinss, 7. 47, ¹8
716, 7 1619688611 161,6
-’ 16191111661161154, 74 7619616715 5,9 17
’ 86191116ιί1 52, 1. 55, 7. 7169661181 17, 7
64,14. 91,6 ,769661111179 8

8696161961, 16. .49, 5. 7869661111 169

7619668719, 71
8169668 117, 1ο. 177, 78
imponitur 229, 7

¹34³ ¹7
1696116168575 ,
, 761911111ῐὶ1 85, 16
76911117611145,74 7619611667681711718, 9
7169111181 167, 11 1619666611111189,71
imperia 7, 2 16, 17, 16,’ importunum 59, 7
&c 8166666661 179, 6
. 11691111 1,9 6, 77. 9,77, 86911166861677,11
611 ·
7696881977 77 s
11691116 1,7 7, 14. 6, impetitam 38, 17
11, &c
imperitabant 177, 75. 774, 8696616145,18
7 ’7689161616 169,1

. > 8696616688618167, 5 ’

76196667ῐῦ66 777, 17

Ι 7696671868 776, 71

16196616616617716
86966816711,18 777,11 ,
16196761111967 1 Ι
86196767167185,7,
toppum 117 1ο. ’6
impuitut2o,1
impune 88, 7. 89, 19, 77.
90, 17, 777, 77
861966811189, 11

“ . impunitatem 77, 76. 76,,

711776
7696616146, 17
impunitum 90, 6·
8619668161 17,7
rnaequaiisz15, 16 ,
8616817916 , .
inanis 116, 14. 198, 44
8611866181, 9 ,
8111618768, 21 .

’8666161767 1 ,

incedere 74, 17. 167, 77, Ι

· · 147, 14 146 ,77

incederent 102, 5

incedit 167, 1

incedunt 88, 5

incendebant 11, 12
incendere 21, 7. 71, 16.

9619118111 167, 17. 777, 47,4. 169, 75

incenderent 74, 17 Ι 1
incenderet 87, 5

iinpofiti. 174, 19.167,8 1611668177,7 76, 7. 41,

4. 48, 16. 168,’8
161611611177,7ο '

1691111161179,7 219,9 imposuerat 118, 7. 148, 861166861716. 74,16

imperitandi 127. 23
769161166661 161, 4
imperitant 210, 2 1169661881 177, 77
imperitantem 124, 11 imposuisti1132,17
8619161711 744,7 . 147, imposuit 103,1o

eo ⁴ 7169611611.19,16 188,9
7619117111716,4 8691661976

· 17.181,5
imposuere 47 1

, 1619111111 94,71 144, 77 66916686196, 17

861911717116 174,17
7169117181 164,15

8691616197, 7
improbus 719, 11 ,

incendit 79, 15

, incenditque 108, 23

incendium 75, 14.37, 14· ,

, 776,7 76

6616611464
1611118677

incensum 138, 6

incensus 78, 18

inceperat 176,7

incepta 67,6. 71,5.176,

imperium 3,1. 4,6. 21, improviso 22, 16. 76, 9, 17.764,5.189,77

7688616616 178,4 t.

’ 75, &c

1169111166166917 =
7169111111175,7 ’ 8619161186,61176 16
impetratis 150, 7 imprudens 719, 19
8169116 97, 11. 165, 1,7 imprudentemque 74,
·1.16,4

impetum 34, 41 177,
. 23 · 8698681618161196,17

·· 8719661477 7 · 869661618191,76.97.17

“ 6691661668 167, 79. 215, 861111117,1.17,7.

7611918114, 15
86119167, ’4 7, 20. 18,'

’ἶ 861669188881Ι 4ο, 12. 62, 7,

811.

31»
15, 811.

incertae 151, 16

int ettae 719, 7

 

