Ι appel nvem-:t 189, 17

, 1191110115,1ρ

11111111 ·

1411111131,16
1171111111 54,1
1191161 199, 19
Aquilinum 104, 31
1911194,18. 100,17
111717. 171,14

apertam, ¹5
19111111. 116, 19

1711111111 19, 18
Aquilinis 109, 22
1771111111 174. 1
1971111611111 6, 14
1991111111118, 11 arant 1, 5
17171Ιὲ11118 ,16 aras 117, 1
appellant 75, 11. 108, 1. abiem· 110, 16
104, 18 11111111 150, 19
1971111111 77, 7. 1991 1161111118. 7. 111,7
11 arbitris 16, 11

Aust& ion 35‘ .

Α1111011111111187, 14 .

1111110, 1,11. 11, 19.1’5,’
9, 11.16, 4, et 11ὖὶ7172
‚fl-

1111611111 191, 18

1111111168,9

1111111167,15

1111111 17, 1. 158, 19
169,19

1111111116, 5. 87, 6. 89,
3. 141, 11. 186,14.

1991111111 14, 9. 16, 10. 116110117915. 111, 10, 111, 98

mar· 2<5‚7 19. 11819
appeler 54,17.· 151, 9. 1161175711

1 1,19
,11716111171,7. 101,18 107, 19
177111111151,5 1111111104, 5. 117,19
:puellm-s 181, 5
1711111988 180,5 -
appellatur 41, 15. 50, 8. 1111816111191, 5
11.-16111111, 11
amn« 111

,7729

141ρεῖ111611 76, 15
177 *iu-:erum 173, 16
1791ἶ11·.”1611117,4 arcessunt 47, ς
199εέ11111106, 18 Archelaum, 15
appiam 71, 10. 166, 9. 11111111111189, 13

189, 18 arcum 106, 14
1717111145, 3 11111106, 15, 16
1717111611 11,3 1111111196, 18. 170,9
19911111917. 63‚2 1111111917
ardentia 111, 9
1771-11111111169, 14 11111115, 19
177111111111,11 1111111177, 4. 78,11
Appius 169, 1. 200, 3· 11110110, 16

109, 6 arduum 3, 16
apprnbat131,13· 173, 27 arduus 7, 12
approbaremus 161,11 1111111116, 11
1191111111115, 19 arenamque 125, 16
apprn‘ro 40, 10 arenoso 114, 4
appropinqrarc 107, 15 arenosus 12 5, 16
1711111910 1191111861. 114,1
1911118817 1191111196, 11
171118, 11. 15, 4. 17,15. argentoque68,3

:q‚q. 40,17. 41,14.1191111111116,14. 173,26

43, 23, et alr'r'rr' frequen· argentumque 124, 23

111 arguitur} 173, 13

ras, 4

Α711111119,11. 9911 1191111111171, 15 ·
Apuliam 11, 1. 19, 19. 1111111919

3⁶‚8 aridam 107, 14
aqua 197, 1,19 arido 104, 9
1911110474. 111911. 117, aridus 137, 10

16, 9ο. 1191. 196, 11. arietibus 114, 19

13915· 114111
1411111119. 91. 144,19 10 .
191111117911. 111,1 1114417. 548

1111111147, 4, 15. 89, 16

1111110167 15

arborum 104, 9. 105,1.1111111ο147, 9. 159141

111, 1. 190, 16
1111111150, 13

mem 110, 7. 118, 181111111ῑ117,11.96,8, 145,

1ο. 19910. 188,1
armaverat 50, 13
armarent 151, 14

’ ,111111119114 191,11,·
1111111169,19.·179,16. 104123· ²0⁶¹35

1111111119, 17

Armenii 76, 9

Armeniis 77, 1

111116,19. 7,10.9,18.
16, 1. 17, 10, er 166
plur. ·

9111111111 39, 14. 46, 11.

111410. 114, 11.ν 113,
16. 139, 4. 191, qr
200) 7 ,

Α1911111117,6. 118,7’

Arpini i15,2

arressae 165, 11.

11116111 119, 11

11116111 194, 26

11116111 140,7

11119111 111, 1

attexeret 129, 15

,1111111 91, 9

arrogant 191, 7

arrogantur 119, 11

Arraei 188, 11

111611181,1 .

11111011. 107, 11. un
8. 11418

artem 191,17.116, 17

artes 9, 9, 14. 1, 84,
¹⁶· ¹3rr¹42 ¹9· ²¹⁹2
11. 110, 14· 115, 7.
118,5

Ariobarzanis 190, 16. 191, artesque 119, 16

artibus 3, 1. 6, 1, 8, 15.
11,17. 61,1. 64, 1

 

