VOCABULORUM.·

denuntians, 19 1183111111 41, 3 dicebatur 34,1
1119111831 1163111111 11, 13. 39, 11. 1111111144, 11. 91, 8. 229,
111111111111111» ⁸300 7· 234119

811. 11611334,17,18 ditendum 204, 21. 131,
11111 117,17 desinent 113, 11 ’ 3
denegare 49, 18. 113, 3 desinere 128, 24 dicentem 131, 18
1111191118, 13. 73, 17. 77, 11811111113,33 1811111114, 5

. 13, dcc. desinet 219, 19 dicere 3, 13. 8, 9. 20, 7.

dent 169, 4 1161111896. 173,14 36, 18,811.
dentque 33, 20 despectantem 201, 20 dicerem 134, 13. 131, 2
Deo 173, 9. 200, 32 1169168171, 1. 164,11 611111111913. 39, 3. ¹¹4,
Deorum 8, 14. 10, 14,13. 1189111111 131, 13 7. 131,19. 113,1
47, 14, 811. despetiusque161,8 diceret 37, 18. 4ο, 11.. 133,
[811194 16, 6. 41, ς.118911111166,11 13
4111111611. 1119111111131,16 11111893 ,
1191111111,19 , destinari1180,8 dici101, 19
dependens 193,6 desunt 9, 14 11111133, 7. 111, 6. 113,
1191111111, 7 deteriorem 111, 18 9, 18,811.
1171118118, 16 1111111113, 34 dieitque 137, 13. 131, 6.
11711181111113, 1 deterrentur 144, 16 154, 19 ,
deportavit 228,6 ’ 111111111116,7 , 1ἰ111111ο,13.41,14.64,
depravatam, 16 deterrimi 212, 10 19, 811.
deprecati 131, 7 detineatur 114, 11
deprecor 81, 7. 197,11 detinuerat 5, 3
11711611111133, 13 1111811191, 30 “ .
deprehensi 37,11. 39,11 ‘detrahi 164, 16 11111173, 3
deprehensis 36, 4. 47,7 111111111118,3 dictatorem 194, 8. 118,
deprehensus 93, 6 111181111611118, 9 1·
depressus 50, 10 detrimenti 13, 3. 169,4 1161114, 1. 127, 16. 211,
deprimebantur 170, 19 detrimento· 37, 13. 118, 13 ,
descendens 140, 21 19 1181111119, 19. 119,13 ”“
descenderant 113, 16, 1ο. detrusus 171,14 disin 116,9
1161666161 194,8 66666666167167ἶ813 6626161116917. 79, 6. 134,
descendit 67,1 1111811141,13 13, 811.
descensus 51, 17 revictum 82, 15 didturi 141, 19
describere 224, 11 , devorato 134, 4 dicundo 91, 1. 118, 11
descripti0224, 10 ι 11111111111,6 111111111146,17
1111111611 169,13 Derim 18, 4 1111 131, 10. 133, 3
deserum 130, 15 Deum 183, 6 Didio 111, 6
deserendo 113, 13 dexteri 53, 13. 66, 11 1111168183, 1
desererent 86, 11. 933 1111ῐ1111143,13 1116, 4. 68, 11. 8ο, 7.
deseret 100,6 111118 33. 11. 113, 11. 8314811.
deserta 10'4, 4. 138, 18. 146,16. 176,4 1116113619. 66, 7. 68,
161,13 dextram 63,9 3, 81,11, 811.
desertum 14ο,13 dextri 176,11 diei 81, 1. 116, 13, 31.
111111113311 111111131,14 131, 3. 171,8
11811111111191, 31 1111111171,11 1811113. 11. 19, 13. 37,
1111111811 196, 17 111111 113, 3 16, 811.
deserui1120,2.' 199,17 11111197. 76, 1. 86, 1111111113, 16
111111111318 16,811, 11113, 11. 13,11. 17, 8.
.1161111111169,9 , 1111111613 1913111618
1161111111417 11111111, 11 differunt 183, 1
desidia 3„z. 3, 1. 49, 4. 1111111399 1111111133, 6. 131, 13.
111,11’ 11116111116, 11 191,11,811. ‘
·· 1161111131, 3 dicebatur 34, 11, 73, 19 - 1861111138, 11. 141,6
designati 15‚9. 100,8 1111111113, 8. 17, 18 11161111 133, 19

 

