”, 1

voonvunokun.

intutam 167,“19

, invadat 166,1
invadendam 205, 1ο
invadendi 130, 11 -

invadere 98, 19. 114, 17, inultus 196, 6

144, 6
“ invaderet 95 14
invadi 155, 19

invadit 67, 24. 79, 14, ἰ116111119,17

infigitur 155, 20

1111111118ομ4 143,11,Jovem151,28183‚5

811.

' 11, &c
Italiam 61, 11, 16·177¹

’ 11171711667159. 46,11, “

’1111114111771

inultis 120, 12

1111111111,18

inultum 191, 20
&0

Italica 198, 27

111Ιὶ1189,8,14.119,9

Italicis 118, 24

1111111197, 1ο

11179, 6

11119, 12.16,12 51‚2,
16, 811.

1111111119, 11
1111111199, 5
·1111161111 191, 6

7111141,19
9111111111, 11

71111 111, 14. 111, 11.11111111999.119,8. 196,

invaserat 5, 1191, 4, 119,7 , 1

&m

1111116119 9 11, 11, 811.

811.
1111611191,7 ,
1111111199. 14,19
invenerit 93, 18
invenias 57, 4. 167,14
111111116914. 117,11
invenissent 114, 16
1111111191, 19. 141,19
inventae 111, 8
inventurum 89, 1
inverecundo 199, 11
111111117611
1111111987 ·
1111111111 179,1
1111611 89, 16
invictum 100, 11114, 19
invideant 191, 7
1111141191,
1111611149, 14
inviderit 99, 6
invid5t130,5 .
invidi 111, 19

191,17

invidia 4, 5, 11.6,19,111111199,19

11176196171148

invidiam 11, 1. 94, 9, inritare 169, 17

811.
inviolata 111, 4ο
11111111111191,1
inviolatos 89, 9
111111164,9
1111111194, 19 11419
1111111149, 1. 111,9
invisusl5,2
invitant 118, 11
invitarent 191, 91
invitaverant 179, 9
invito 178, 16
1111111116,8141,11

11111199,6. 86,11,118,1111184,1. 194 8

11

,7877611 ¹7 ¹5⁵2 ¹3» ἃς·

· . irrumperent 9919

1981 91, 17.148, 25, 1111111117, 11 52,9. 96,
1911111711.
1961119, 10. 89, 8, 1111111117, 11
tec. 1111166119 9,9 11. 91, 11,

itineris 1197141, 4, 18,
ipsorum 190, 5 811.
ipsos7,13· 179. 44,8,11111161, 11
811. ’ 11111119914.191,7
1911111191,11. 64,8. 66,71161111191,.11 111919-
18,811. 911 11111141, 14
1111119111 84, 11. 196, 4 jubere 22, 5
11119,4ο4,1,6 67,1,7111111111111118,6

· 9,, 71161196,.1 121-ῐέ 5⁰27⁸ Ι

111111661141,11,18 ’ ’1111111711.
1114ο,1891,19 118,711111116111,,1614
11166681. 82, 19111, 76676116611964, 159
1917918 71811116111119,11
11111141,14 7161111111, 4
1111147, 17 71161,1111111 4

· ⁴ire6,20. 91, 11 87, 9, 7116111119, 19 -

811. 1
irent 9ο,1. 118, 19

judicatus 35, 8

. 916111111119918
9161111111 111, 17 ·
9161111111,1191,14

ν 716111118,.1. 49,1. 89,

14, 811.
7161111111,11.91,1.117,
1611914

1111119111111,19 9161119816.111,19.

11111911671799,15,,91191

isdem 82, ¹·3 711611711111111, 4

isque 99,11. 196, 6 7111111191,11

111181, 14 judcium 11, 11. 19, 6,

111111 411411. 111

716111111169,6

11611 176, 8

91191191 ,

71911110,19

7191111111 49 13¹

7191111119, 11

71199 3
irritamenta 197, 4

111111911181,16 ’

1111111116,1ο117,7
1111161, 11
11111167, 8

1611111914

ltalia 19, 17. 84, 2131 ,Γ

 

