ree-mam 164, 14
Μ’ῑξῖὣ 111 8· 87167
walam. 7911 - laeam 17,11. 68,1,1ε1111181,6
rmil- »54⁷⁸ 111. ίηίκ 8, ²5· ης, 13.
ιι men, 17 1111111117, 18. 11, 13, ²³3· ²7 ᾖ ¹
1111111 191, 31 a 1111 [effi 118, 19
ma 11131, 5 1111111111 118, 6 suffia 146, 1 ·
mentm 91,6 1111111111,13 , (παίωσι 177,15
mem ²1⁴220 11111 114, 16 fiviffinun 177, ιι
11111691 111111·11,1,, 111111111141, 1. 63,
’1111’1,τ.1111,ς πέ’τ.;111;1.119,18 ς. 94,16. 11913 .
sewum 111,16 w: · 141, ιο 1111111173, ιο
mr· 111131, 19 1111111 ri, 1 biduoque ιοι, 13
mamm 1116191, 19 · 1111113117
11111619 R„ ,21524 sensnm. 11
1111111111 117, 11 8166613, 16 {em 16111
111 „m 111111.
m 1131766311. 64, 13, 1111111197, 18. 171,17 ίιςὴυιὶίὴὲςῖμη
ac, 1111111113, ι. 174, 36 sagittariorum 10⁸ng
Rhegium 14, 9. 166, 18 1131113313 1131111111113,7
Rhenum 138, 6 11911191, ιο 81311173, 17
81111141, 11 1111111168, 8 813111111ιί 101, 14
1111111111 4ο,9 11111116, 1. 11,7. 49, ς, 1131111111 198,13
11111111194 &c- 1111111374 “
· 1111111119 11111ιὶ1 167, 11 811εαῦ111161,13
7991111186,ς 1111111133, 8 salita 188, 13
1131111111 141, 11. 113, 1116111111ος, 11. 117,45111111119, 1. 136, 6.
3 Rutilius 117,4 131, 14. 131, 3. 19,
117111111197, 17 11111311 173, 16 234, 11
11311 54, 7. 113, ις. , 8111111111111ο7,3 .·
131, 8 81111161 1114, 13
rogatione 91, 10· 97, 16 salustium 114, 3ο. ιος,
rogationem 97, 3, 11 Ι . 6, 7, 11, ¹5· 206, 3..
1191111111 97,7 207, 2, ιο, 11. 119,
1131111113,6 S· 15 ι
1113111119, 8. 3911115. 811111111114, 18, 21, 11,
44111· 123‚1 34· 205, ¹² 41 91111
1191111114,1ο 17,18,11,11. 11111,
1111111939. 93,16. 118, S. 18,1. 34, 3. 188,17 6,8,1ο,17,13,3ο, 31,
ιο, 113,11 11111611111,11 ⁸ 34. 1191131317.
1111111111, 1. 14,1. 15111111111119,4. sm 229, 34. 13ο,19. 133,
11, et alibi plum 11111 16,3 ¹ 7,16. 134,14
Romaequc130,6 1111111171, 13. 17ς,16.111111111,ς .
1111111168. 16,4· 27, 203‚24 saltibus 178. 20
10, et al'bi 9111. 1111111131 1161 14 ΜΝ ¹99> ²⁸
111111111ςὸ3 sacrilegi 11, 11. 232, 22 111111119913. 168,11
1111111116, 11. 111, 20 11111119111111133, 17 -111111186, 11
Romanam 25, 11. 87, 91 61611119, 18 1111161111 27
212‚2. 217, 7,18 11111111, 5 1111111931 15
Romani ς, 5. 6, 6, 17,11 sacrum158, 19 1111111173, 13
11161· [1191111111. 11711616. 118,161 11,11111161,19. 111,19

 

