⁴iunonrnrnournn'. 

curae 6, 14. 19, 14. 41.616ο119.11,15

10. 71, 8, 811.
curaeque 198, 17

1111111164, 36
Ι)1166ῐ1111173, 18

curam 88, 17. 166, 3. Β1111111111167,6

’ 196, 18, dcc.-
1611111168, 6

Damasippi 47, 11

’ Damasippique 165, 11

curare 54, 1. 71,18. 118, Ι)111111179111143,6

¹9· ¹3⁰v4
' curaret 111, 3
1111111166, 8
, 111111161111674, 16
1611161111,7. 15311
curemus 113, 8

Curetes 200, 13

1
1166111 34,11 ¹
curii 20, 1³

6111111189, 11
6111116144, 3 ·
domno, 36, 16
danda 211, 18
dandis 6, 11 ,

6111664914. 74, 11

6116161133, 14

6161111133, 11

decebit 164, 7, 176, 20.
115,8

decedere 93, 16

decederent 84, 11

.. 6111111111 96, 3
s decern 74, 6. 84, 11. 96,

3, dec.

³ december 15, 14 .
. deceptum 204, 31

decere 86, 15. 119, 6. 151,
24

611134,16.166,7.117, decernere 41, 6. 46, 16.
curii 16, 4. 1915. 73. 19

6111111 184, 15 ’

Danubium 79911

. Dardania 165, 7

Curio 173, 4. 181, 7. 186, Dardanium 173, 5

17. 191,1
Curionem 163, 18
. curi1187,1. 111,18

Dardano 205, 7
Dardanorum 165, 8

Curios 14, 15. 16,4.11, 161,11, 611.

16. 11, 16 “
r curribus 165,11

’ 61111113, 1
61111154, 16

cursu 61, 9. 138,1. 199, dari 219, 36 ,-
111 11. 15· 15. 4. ²· 542 61116114. 8· 97126

1116171161 166, 14

Curubis 199, 11

1616661117, 1
custodiam 59, 18
custodias 188,11

η’

169, 15. 114,4

611111111915. 37, 5. 38,
4· 1611

decernite 168, 9

decernitur b7, 8

decernunt 156, 1. 11316

decernuntur 39, 11. 84,

. 6111 16, 4. 511 4· 5719· 5

decefferat 133,11
61116εὲ11 79, 7

6111611661136, 14
611161ίῖ1 81,’1

61111 1 , 1. 46, 1. 41, 14.

6111331. 37, 11. 113, 6518111.
,116661111891611619 13. 117,16. 161,16.6111116143,11

209, 4

611111111153,9

datam 128, 16. 161, 13. decipi 18417

166, 5. 163,17
datis 11315 ·

declarant 81, 1
61111111116116,16. 36, 1

custodibus 36, 11. 173, 611686, 4. 93, 5. 104,17, 6161116841

20

811.

custodiis 17, 6. 39,.16. 61111111161,18Ι

46, 8
03116178, 5

deciaratur 115, 7
declinando 174, 3¹

6111159, 5. 6811. 133, 6116111175, 16

17, 178, 7. 197, 6

Cyrenenses 115,- 21, 116, 61111111186, 33

” 8,13
Cyrrus 1991
Crrus 2, 12

61161161, 6

“ decorabunt1o,15 1

61111 115, 16. 777, 16. 6160814612

111. ⁶.
6· que 38, 3

cyzicum 189, 6. 196. 9. 6111111131, 11’

x 167,19

debebat 39, 2
6161111188, 15 ¹

deeore149,1 ¹ .

¹decori 78,1. 111, 8.-134,
ra 115,6 ⁴

decoribus 177, 1

decoris 7, 16. 49,11

¹ debere 115, 16. 118,13. 6111111313, 17. 66,16.81,

, D·

θ· 11. 1· 11111· 11.· ¹8

dabuntur 150, 10
Dabarem 154, 20

· Dabar 151, 14. 153, 11
dabut43,11. 168, 11

- , 136, 1. 184, 8

deberem 153, 15
deberent 142, 14,
deberetur 154, 16
deberi 69, 8

debet 134,Ι 11
6111161119, 13, 17,15
debetis 69, 9

debitores 111, 5 ’

616116116133, 17 ⁴

19, 811.
decretu 84, 1

decredere, 13. 37, 1· 119,
16, 811.

¹ 6111111113, 11. 83,11. 114.

11, 196, 11
decretorum 164, 16

’ decretum 41, 18. 43, 18.

48, 11, 611.

 

