11111111 “

patribus 17, 7. 17, 1,8111017, 1 . ’ 171, 14
81171118 14, 11. 16, 18, 7111111877
71111191911177, 11 811 7171118117115
71111111141,11187,1471111011171,8171,18.71701160,1 164,11

7111111111871 114, 1. 46, 17, 77, 7171111711
7111111017, 9 9 7111111111198, 11.

711111111187,1 71101170,19 7111111178,16.179,16 '-
711111117114 711711111,7 711111 116, 14174, ,

7111111011117011. 117, 4 paupertas ιο 8. 49, 3 14
patrimonio 26, 11. 1747111817. 86,7. 8911, 7111114618
7 811. 81101111104, 30
71111171, 77. 81, 14 711111811711. 119, 18 7117111111 167, 17. 168, 8,
71111169 1. 81, 17,116, 7111111171, 8 ·
peccato 48 9 7111616111147, 11
7111111111 189, 17. 19ο,11 7111111171, 6 711181111111. 17, 11. 88,
71110111111167,7168,7 7110111, 5. 55,7· 111, 1
71110111107717. 78, 11. 19 penderent 171,
5 171,1711011 79, 171114, 7711811771 104,1ο ¹
7111011111111171, 77 19117 . 711111Γ11,18 107,19. 111,
71101111171, 11 7111117711 ’
7110111117, 17 71101161176,7 71111168 16. 76, 1. 87,
purum 159, 4187, 6.7110111111,16.108,17,11,.811.
107,17 811. 7111111111,16
7 7111181171, 16 71101111177,16. 180, 7 pensantur 180,
711111 7, 10. ,71, 10. 71, 4, peculatus 90 7 Ι 7111117111. 10,11.10,
Η 811. 7111186,1.177,11,17 8. 48,8. 98,17
71111616. 17,6. 74,10, 71610119, 7. 60, 11. 117, penuria 77, 11. 80,11.
811.17.117,.7 110,19 ’81,8 . 104,.4 110,1
,71111011111416 71611111177, 14 pependere 114 27
paucioribus 177, 25 71611167,1.148,6 7171111111177,10 ·
7111111778 6,.7 17, 1ο, 7111111648. 68,1. 74, pepercissent 151, ²3
1111117111 ο1,7 811. pepercit 48, ,
71111111180, 10 7111111117, 16. 9,1,17, 71711111114,7
71111811111776. 76, 1, 811. 71711811160,11. 164,1,
“’ 811. , 71111111118,17.10,11,71711111111110
7111111149,7’ 811. 7171111111111, 17 “
7111111861 71111111111117,9 717111111171,9 .
7111011117 10. 17, 17,711111111144,8. 46,7. 97, 7111111177 149,1ο
811. ,7. 177, 7 , 7114111111,17111,1
71110117,719,9,8117161104,11 „ 711161117717Ι
7111111171, 7 7111111197,11 . 7111117111 11179, 1
71111114, ,10 pedes 509 77,11.117,7111111111111117118

¹ 711111111111,11 17.111,7.117,14 711111111174, 11

pavidi 149 2 pedestrium 114, 8.1ο7,71111111191, 11. 99, 7.
7111801111,14 3 111,17
, 7111111167, 10 71111611 59, 17. 74, 85 7111111116,17.8 97,7. 111,
711111111107, 16 140,17.171,14. 187, 17.114,8 ,
71111111166. 9,8. 47, 7 7111116114,16. 97, 14
5, 811. “ ’ 71111179, 71111110114617. 11819.
paulisper 57, 11. 105, 4, 71811146 21' ¹ 117,11
111.711111110619.111,11,7111111111011111111.
paulu 17, 9. 11, 14, 811. 118,11
811711111111711119, 16 percursitantibus 198, 17
Ρ111101118,7 711111611104,9111,14.711111116111111111787ο
7111111119,17.146,1’3, 146,14 7111118111171,10
111,17 ped 111111 67,4. 117,10.711111111181116,11

 

