‚⁵ ι’ ’ INDEX

instituissee5,8 118, 7 , ’ 111111161174,9111,1’9.
1111111111 79, 18 64, 17 69, intelligerem 120,6 118, 7 ι

17 71,14 11111117111111161,17 interfecto 70, 19. 84, 8.
1111119116,747,19.191,1111111711119ο1 91, 17

66 111911171111164, 17 . interfediurzrz, 1
. instrtutr127‚ ¹ 'inteiligit 11, 17. 61,17.1111111111111 77,11. 146,
1111118179,17197,71 7919. 81,6 19
1111111611 197,17. 144,1. 1111111711161191, 17 · interficere 15, 17. 21, i.
. 117, 7 ’ 111111141117677 47, 4. 67, 18
. 11111υᾶ1411 117, 17 111111117111164, 18 interficerent 54, 16

instructor 55, 19 intelliget 167, 19 1191611198, 17
11811891117, 17 s 111111171111171,19 ' 1111161111971
mstruebanrurr66‚ 15 intettlgi 186, 71 19111691177,6
11811111179, 1111117111177, 8 11111111111118,7
' 116191111146,7. 177,1 1119111911911467 interiere 75,14 197, 2 .
1111111147, 16 intelligo 81, 21. 150, 9, interierant174,8
nstruit 53, 11 194,- 4 interierunt 168, 4
· ἱ116111111111111,6. 199,’ 14. intellig untur 167 7 ‹ 1111111814. 76,6 “
nteit ..,,1 3333333333 3⁰33. 25, ., 333333333' 11131 1'
1161111197, 6. 197,6 97,6 · 1119111167, 19. 8071. 81,
insuesceret 64,6 intenderant 1244 171, 9 12, &e ’ ,
. 1111111119,11111176111187, 1.3117,11.111111111997
11111747 198,14.147,.7 148,1 internecronenr 178, 10
196, 7 intendere 117, 14,·179,11 internuncius 153, 11,
1161111177, 14. 199,4 intendens 40 . interpeiiand083, 18
' ³ insuiam175, 17. 1797. intendit 79, 11. 199, 11 3¹¹ erponrt9r‚ 14 ’

⁹ ι 194, 77 1,· 179, 7.119,17..111, rnnrpofita91,3
11111111 197,7 s 14 . interpretatum 75 ¹9

. 11111111 197, 4196, 8.111111119711.166,9 11111919191,477,11

’19 r intentique 18, 11,17. 111, 1111111169, 1
insulanarum 11. 179, 24 ' 1 interrogatir5‚8
inuper 50 19 ’ intentique 19416197, 111111941111117,1.76,17
191.111.1118,1.118, 74111. 111,4 · ’1111111111177 11 ’
⁸ 19917 111111191199, 17 11111.111119177,17 ¹5¹2&-
111·.161111199,9 Ι118, 14 11111111141, 8 ’ 1711,
1111161191, 17 1111119191, 18 inte-rr niffe154, 17
1111611198, 11191191191,8. 114, 16.111111111111191169,1.3
1111711167,18197,17 149, 17 · intestabiiesque1i9,4
11114111111179,7 intentum 7,7. 179 16 ,1116111713
111171111191111117,1 1111111117, 11. 14, 1, 811. intestinnm230, 17
’ integri 118,1·6. 171,18.11111191711914719 11191 rande 52, 11. 79,9.
155,20 177,7 interque 78 6. 117, 1 111, 17
ι 1111711197, 11.117,7 1111191611181, 6 · 11191111161111171199,19
integris 143 8 interdum 9,8’. 19, 11. 87, intri 17, 19. 4-7, 7. 48,
111176141149,1-7 · 18811. 11. 76,16.1.77,1 ’
1111719144,116191,7 111111111,16.11,’1 19, 1111111174,1
1119719177,1167,17 811. 11119611116,1467,16 ⁴
integrum115,4·112,4 rnterempt'r 1478- · 111196111111917
11111111111111119, 19 interesset 179,11 111191118197,17 .
1111111111 17,6 ’ 11191111411, 1ο ’ introirem, 17
, 1111111118ιε181,4 111111111111161, 19 1199111119
-11111111111179, 19 “ <, 111111191187, 16 introitum 201,ss
1111111711 9144 1111111611 191, 7 introrsus 201, ²7

inteliigebtt 1716. 86, 5. 1111111611 197,17. 178,7 intuerentur 69, 9

8
>r

 

