. 10011010111115. -

paraveris 417, ς, 7. 234, 4111116416 4111114144-
’ 1 · partam 414 5. 417,444111111“111111 147, 1. 150,

·’ parm 177,21 48415 ’, 18 1
Ι 4111116148, 17. 845 5111114514 54, 1, 5, 4111168 14 6444. 70,

4111181114115. 17414 811. ·1, 14 44..14.
4111111158, 20 partem 16, 40. 14, 46, 41111154, 4
411111114,7.150,4 811. · 411111111111105,10.106,
4411111448 15411 411111418,,.441 448,8 41
41111814 41111 1048 1·07,4. 134, 4111111 4,8 10. 84, 40.
4111111485, 4 22'5,14
4111111146,5’ 4411111115, 97,15.100, 4111111,14 17
4111111744. 7418100, 10. 144,1. 232,17 411111111448 ., ,. .
6. 108, 8. 4444 5111110141 1418 410, 17 4111161454,44
4111111145, 14 411611411117οῂ5 85 6 paternam 32,17. 4,45 48
parendo 63 10 411664111414. 19, 7 41111144, 7 ’
41111154,6 10. 144 44 panim 39, 13. 67, 46, patim& 16,14. 41, 5,

,Ι patent 46. 46, 4 811. · 811.

4111411446. 87,4, 154, 4111116444 .98,5. 146, 411 11111111 165, 16. 168, 1 ' ¹
40 7 8531314 4111111444, 40
parentem 729 232,8 411111111111100,8 4118110145
4111111141, 1. 44, 16, 4116111151,4. 97, 7, 40, 4111111111111746 .
ἃς, . 811. 4111111111107 26
411111115116,40.145,164111111141.167,6 4111111611118, 4. 167,15
4048 4144 41111418. 46,14.48,41611111151,14
4111116446,14 45.184,.5 14416 4161111415. 7,4. 75,
411111161144,18. 77, 8, 41111141,8. 65,16 43, 811. 3
14416414148 „ 4111111111 86 '19. 415, 5 ,
4411114444. 40414. 41161411. 45, 11. 98416111111111451, 54
414,4 11 4411011545
411111140, 10. 41419 41161446. 48, 46 64, 4111111115 5. 4145
411111411160 14 15 4111510111 167, 15
parerent 4418 4111111111 84, 1,, ²4 patr‘and 1100, 16
4111141,11106,47.144, 4111111444 41111181140,15. 145, 44.
5 . 41111115, 1811, 9. 20 3, 1,36 5
4111164115. 44, 46 · 811. 4161114444 445 44
41111041. 145, 14 4111017441. 141,6 41116167, 51 ’
-· 41111400, 40 4111014410 ¹ 4161111116, 5. 848
4111111151. 10 · 4111011641 , 4111111111 44,
411111141104, 46 41181148, 44. 455, 41 41111111111151,5
4111401111,11 4111111176, 7. 144, 5 4111111114811
1 par4tx6z,18 4111110111 105, 48 11444161641. 15123 152,
411111164,17.104,44, 17419 -- 4. 232317
811. 41801511170,44 4111111174, 16. 94,5
4811119110 114, 17 4111611118, 44 ⁴ patremque232, 5
411111111165,14 411161115415 ' 5111111414. 86,.6 158,
. 41111111 194, 47 patefacere 99, 5 15, 811.
4441ῑ4181146,4’4’ 1 411111110111149,8 41111111,14.46,4 54,
41111116411,40 4111116144, 5. 47,10 18, 811.
parnc1dam25,13 4111116100151,9 411158501174, 44 '
41111111110111455, 16 4111116111 44,5 , 4111111 44, 18. 48, 7, 249,
41111118114418 411111111815018 5, 811.
4111111110 165 4 patefeci 177, 44 4111111411 44, 11
parricidas48, 3 4111111181155, 14 .411111111 6, 19. 46, 7,
41111410. 51,14. 5416 4111111111546 811.
- &c 411161114141, 5 441610146148, ¹7· 177, 8.

· 41111447. 89,5. 128, 4111111541 · 146, 40

15, 811. 4610111405, 11 4111115111, 11

’ 1

 

