011011111107.15

1111115110 .

eam-nen 21, 26

01011101 199, 14

Campaniam 105, 5. 106,
31

Ι 1111191106, 9. 101,4

1111911147, 1. 150,18

111119011415

11116ἰό1111, 14

canere 141, 9. 144,14.
Ῑ4511

- ,11111111,6. 174, 19

canibus 104, 34

caninam 100, 3

03Ρῖῐῖ 119 12· 2⁵, 19· 509
5. 70, 11,,611.

11911101116,8

1171111133, 19. 119, 10

caperent 23, 3. 105, 13

caperetur 67,4

capesse 113, 18

1191611111 161, 4

1191111111111119, 13

capessentum

11916111496. 134, 16

capessundam 179,Ι 15

tapeffunt 176, 14

1191 94, 16, 113, 7. 114,
15,·147,1

capianimi 130, 11. 161.
11

11911111144,4

capiant 117, 11

0191111694 ’

11911111 183, 9

capiebant 143, 11

capiebantur 12, 4

119110111143, 13

1191174, 14. 79,15. 108,
13. 109, 5. 138, 18.
50,11

capitalium 29, 84. 48,18.
50,11

capite 119, 14. 135, 1.
140, 13, 110,16

119111 175, 8. 175,4

119111147,1. 111, 11

01911014, 11

Capitolinas, 16. 37, 1

0091116111, 9

capienda 5, 10. 94, 13

capiendis 161, 16

capiendum 114,18

1191111107, 16

capiuntur 10, 9

Cappadocia 191, 11

” INDEX

01711136, 18. 137,16 Cartbaginenk 158, 9
Capsam 138,1. 143,1 Cartbac'nienses 41, 13. 69.
019111111136, 18 14. 70, 5. 78, 7. 115.
0191116111 138,18,11 15. 116, 15, :r- 117, 14
1191145, 1. 114,17. 118, 0111131110109, 15

1. 135, 11. 145, 7. 178, Canghagrnreafibus 61, 19.

.11 r ‚
eap³t2917,'433 cmliigbienfinmtn 15. 78.’
1191111105, 17. 111,8 1111514. 116, 18
captarem 17, 3 Carthaginis 158, 11
capti 53, 6. 71, 3. 107, 11111165, 3. 134, 1

11 1111161, 10. 63, 11. 64,
ιψψω ηῆηῐηψ
1191111891, 152,15. 151014 ⁶
captivis 160, 3 1111600108, 19
captivosque 118,1 011110 34, ²4· 39, 11, 91,
1191061, 10 ¹5 ’

captor 1, 4,3 0181011418. 34. 16, 91.
captum 161,11. 187,7 1,10

1191111313. 55,19. 57, abelianos, aa. 13510.
9. 117, 6 188,13
Capuae 13, 11 castellanorum 159, 6
0190111113,16.14,1 castellaque 136, 11. 169,
1190147, 6. 57,11. 111, 15
101049 afleti 139. 16, 14. 141,
C³Pi⁵ 205» 5· 206, ³5 4
Carbo 199, 17 11111110 38,13. 139, 4
Carbonem 111, 11 tabellum 140, 4, 14
111111150, 8. 87, 10 11111119, 10. 19, 11. 50,
10. 51, 3‚8, 16. 80, 4.
351 ¹²· 951 71 &²-
wffiawaffib

94. 7, 11. 101, 11,14,
16.“ 105, 11,811.

castrisque 186, 18

1161011195, 17. 107, 13.

1111121915. 67,11. 118,
15. 111,1. 1, 6,9. 198,

1111111 31, 11. 40, 11. 71,

111111101171,1ο 11.81,10. 83,1. 111,

eanffimun 17813 ¹9· 143, 14. 134, 30

carrffimua143,a casura 89,21 ·

1111111 73,19. 80,18. 153, casuram 64,9

embrinus 164, 14. 106, ς1111.51113,21’958’ ς. ¹¹4¹
10.109,5 Catabathmon 75, 10, 78,

carne 137, 4
carnificis 116, 10

1110 76, 3
1110165, 10

carcerem 50,7
carceris 184, 3
carebat 11, 14
carentum 166, 7
carent 130, 14
111111134, 11

01111 105, 3

carinae 77, 1
0111017413. 113, 17
cariora 11, 7. 119,19
cariorem 114, 17
carique 174,16

· 1111911161191μ4 .
eatena 169, 35
catenis 116, 13
1111111111,17
catervatim 143, 18
0111113111 78, 3. 116, 7 catilina 5» ¹²- 11, 15. 11,
· carthaginem 77· 9· 971 1¹· ¹3» ¹4· 151619,

1119101104, 14
Carthago 8, 13

η mffinmm

 

