'‚ 2322222137, 29

, 2322212 108 4 223, 28

, ignatus 9, 13

Ι 232010 145,3

¹ iidemque 88, 10

’ ι mont

illecebris 12,2
21126102 203, 27 ,
22128101 243, 9
’2322224422 illexerat 13 32, 21
23241012 23, 2. 94,4. 4211222043 9206, 28 ·
¹ 127,3. 189,19 221220132, 326
2322292 67, 20. 79, 4.11119112236,1290,1
84, 28 812. 2112911280, 14
. 2322111211, 22 282,10 21102 13, 3. 38, 9. 49,
23221112 22,9 34, 28, &e 26, 812.
ignaviae 47, 26.102, 29, 111010 229, 3
23, &o 11102212, 24 280,8. 283,
23221122 27,2 38,·’ 23, 23. 2-23,9
, sec. , tllud 38 8. 42, 22, 72, 1,
23222 02 264, 12 812.
illudunt 207, 6
232212822221,111208229218,2.230,5
232011221284 3. 218, 14 21101112261,14
’ 23222032, 26 228, 23 1111111110 que 222, 25
11101111112216221
2322222113, 3 121231222609. 132,8, 28,
23222208, 22 . - 21. 233 26
2322 209, 22 224, 26. 2223222102283, 24
..¹ll.1⁸.¹.³.⁹·⁸ ¹⁶⁹'²⁶ {lillglst‘ll’
¹¹¹ 2
23221902 14 31, 13 imbecilla 4, 9
ignobilem 219, 4 imbecille 57,2
ignobiles 17, 13 imbecillum 63, 16

2321222 230, 2. 2'23, 6
23221212922128, 27 ,

. ¹ignobilitatem 66, 10. 200, 212222122118, 22

¹ 8 2122212079, 12.101,2
Ἰ ignomln³aer9, 12 imbuta9,16.219,11
2320222122121204, 32 2222210222, 13
ignorantibus 115, 6.. 228,’ rm 1211112166 3

261 imitarentur43, 22
3gnorantis·,185 20 2221121141, 24
ignoras 191, 7 imitati43 3,25
. ignoratus 209,71 212212101227,8
232010232, 20 2212222176, 7. 222, 3
ignoscendo 49, 23. 90, 2222122212218,11

24. 263,2 immani 88, 20
ignoscere 8, 21. 89, 29 immaniezo3,11. 221, 23
immanitatem 160, 18
immaturo 72, 11
immemorem 90, 26
221122222227,16 “
2211112212 232, 22
immensum 224, 2. 239,

ignoscite 48, 6
3211114149. 6
1320112222, 2

22164, 29 213, 7
224112 84, 1o

⁸ 11221283,17’212,6. 223, 2. 17,8 22

imminuerat 101, 7

immmuere 228, 4
. 'imminut3117,1
222122201232, 28. 222, 2
221212201012122, 2. 153,t5
immiffitm38, 10
lmm047‚1t 2273 11,17
immoderata 3, 28
immoderate 48,

14. 227, 29

Ilergetum 177, 24
2122123921

· ilicet97,2 26
2111412224,23
illam 38, 22. 60,10,812.
2112102227, 22
2112222922

22210222212122228, 28
immoderatum 37, 24. ,
2221202212102218, 3

' immod eus 198, 25

immortales 223, ,28
immortalia 38, 10

, ’2122201122212112 109,15·124,

’1082021222 41, 5. 42, '11,
imffirlalium 2216, 19
immunes136, 19

2122101216, 7. 9,' 9, 24,

413112 10 .
immutatione 155, 24.

{mmutaffiom
21112201211113, 4
immutilato ¹967
1111116403 187.10
1121921 66 22. 232, 14
imparatam 14, 4
imparatum 22, 26
impares 125, 13 ‚
12119211 111,22
impetebant 200, 30
1291212121869. 92, ²5·
9411 110,13

impedimenta 97, 22. 228,
2

3mped3mento 143,13 l Ι
2121929212 145, 9 ¹219, 38

. imped iti 23, 24

2111022211 ¹ffirnzi 297, 10

. impedito 126,13

impeditos 107, 20

impeditur 286, 26 .

221921110296, 24. 222, 2,
128,18 -

impediverant 227, 23

1129261111290, 2

impellat 32, 15

21290112223.248, 39,3

11292111 34, 26

'impellit 114,6.117,13.

127, 20

, impellitque 67, 12

impendeat 22, 27
impendebat 212, 3 '

. impendet 32, 28

2229221222 203, ¹4· ¹²3¹

’18

imperabat 23, 22
imperabatur 107, 27

, imperandum 114, 27

imperante 200, 6

, imperantium 27,14.

impetantur 167, 28

 

