106111101611.

41111111 150, 19 81011211520211 16. 1997109111 “
gerendum 108‚21 ¹ gloriari 108,4 gravi 171', 19. 178, 9ο,
8010112103,5 8881118188 228,2 ,“. 21757 - 4 Ι
'gerere 14, 5. ²32 7· 791 8101808118615· ²¹5> ¹9 &²⁹1⁸ 9013· 96, 3· 175,

,4,111, , 111601818910 . 15 ¹
,114119113911 ¹ ”¹ 510110661100, 11 9111101156,1ο
gementu„ 204‚g g?oriosurrr 161, 1. 188,.19- graviorem 71, 5

gereret 108, 11. 109, 11. 5111110191,18 ·· 51111011101,15

111, 23. ¹¹5¹ 19 gnaritatre 176, 15 ¹ graviorisreo, 19
511111615910 111111117917. 17617 gravis 43, 5. 71, 9,
9111111818. 123, 5 0111111899 &c. ,
9111111541 (811116119910 gravisfimi34,8 θ ,
911111115415. 141,16 Graccho 74, 8. 87, 8. 511111111181,8.108,ς
Germani 198, 8 199, 7 , a graviter 55,11. 115,14’
Germanus 108,11 Gracchorum 9917 9111111 41, 19. 41. 14, -
. (1110111104, 5 01101101995. 111,7 68,11,811. „
gerundi 91,1ι ¹ ,gradu144‚16.208,20 ΒΥΨΓῙῙθ 30, ι5· 58116· ·
911111110,15.115,16 1111111115,5 95.15 '
geruntur 26, 3. 50, 17. 1111111 1595 , gregarius 101,16. 159, ις
. 995 s (1110111618. 204,17 grege. 59, ¹5· 111, 18,
5111111191,18 01111181, 11 · 175, 8, 10.155, 14
gesserit 212, 14, 232, ¹9 Graeciae 43, 15. 189, 11 gubernator 179,1
geffi131,9› Graecis 21, 5. 141,15 ‚ gubernatore 104, 51
’511111111499 Graecorum 131, 5. 200, 11111117,16
geffistizro,6 · ¹ 4.11,8 51111157,4,151,11
51111161, 9. 155,9, 10 Graecos 491 1. 107, 16. 1111111150,15
5111156,18.’48,16. 159, 111,8 . (11111111 61,1“

4. 146,2 Grandem, 19. 1917 (1111111191, 15 .
· 91111181. 230, 3,5 grandem 59, 2' ⁴ gurgitibus 202, 22
518111115915. 60,11 1111181178,16
41111141. 5,· 5. 86, 4. 511161115911
· 157,1, graffaretur 101,8

’ 51811150, 11Ι . grass'ari116‚9 .Ηο
’ 9111111100,11 511111111157,7·

gerite 105, 18 grata 5, 14. 198, 14
” 9151111119116, 11. 159, grati 178, 5. 198114
22 , grath! 17, 131 Ῐ51 205 51 88310ιῖ3920
glgnere 195, 6 55, 14, &e H. S. 0.0.15,10
1151115914 51111147, 5. 8915. 197, Ι116111ηι50,14 ’ =
gignatur‘170,3o 3 habent 19,115. 33, 11.
gignuntur 104, 4. 101, 18 5116111141, 1. 45, 11. 88, 7. 117, 17 -
91111110111114η - 6191, 811. , habeantque 185, 11
51161 140, 15 . gratias 108, 7 habeantur 57, 6. 61, 5
3111111154, 16 11111611111115, 17 habeas 65, 10
gladio 35,19. 59,8 · 5111161101115,1 habeat 81, 16. 214, ιο,
gladium 45, 18. 146, 19 9161111159, 11 116, 5
4111811195 . 5111111891 1118161116,15.76,5
411111617811 1111111615, 15. 15914. 6161611111156, 19. 149,
globis 176,15 16918. 11915
9101015910 .’ 4111111111151,11 habebar 5, 22. 7, 11. 11,
gloria 2, 4. 5, 15. 4, 5. 91111116111111198, 10 17, 111. ,
50, 7, 15. 18, 17, &er 1111110164,11 habebatis 89, 17. 185 9
gloriae 7, 8,15.· 61, 15. 5111111110, 9. 197,7 111616161149, 11
65,1.97, 14, 810. grave 42, 19. 158, 14. habebunt 181,8 , ·
gloriam 1,1,14. 7, 17. 178,17.19,11 ι’ 1111111118, 15. 4614.
4919811. ’ gravem203,30 147, 25 '
761111191177, 11 · 11111158, 16. 85, 6. 87,

9· 174

 

