· INDEX

¹ 11116ῑί167, 3 11111611 166, 33 1113ῐ111111113η,
engere 61,6 evenerant 11, 131146, 1111311111 1699
11ῐ911137,9.163,9 1ο 111311111111143,6
eriperentur 37, 24 1131111116,13 91, 41. 166, 11111611 176, 11
1119111161116, 16 . 9 61666111461176, 11 , ,
11191 41, 3 , , 1111111136,11111141,11116,3
1111116146,16 111111ἰ141,19. 11613 111111611819
1119116111 16, 16 ’ . 111111163,16.113,13 111161111133,16
1641116116 39, 11 eveniebat 166, 14. 1111ῐῦ11647
·11ἰμ“11161,6 1111161111. 16. 114,11 11616111461191, 13
111611616911114,13 1111611111,1ο
1171111176 71,1 evenne 117, 31 11917 excidioz9o‚4
611141,16 46,17. 76,11111611194, ’ 6111611111 136,11
4, 616. ,11111143 1.63,7. 131, 111191161166,11
1111116316. 161,19 3.136,17116,1 111171161133, 11
1111111,,, 13 11116111111116, 3 1111ἱ61176,1
errantem 147, 16 eventu 169,16 excita 3ο, 19“
6116611317 . eventum 5¹23 , excitabat 159, 13
1111111146, 6 11111611114,17 excitam 13, 3
1166611131, 50 eventus 9, 18. 161, 6. 1161111313
,1111611111 141,13 1391 166,16 , 61111111164,11
61619111143,1 . eversam935,5, · 111ἰ16161116,11
ε16113111111134,17 ’6111611116419 116, 13 exciti 143, 3 ··
’ erumperet 170, 25 1111111111113,16 4 111ῑ1111111,1
1111114111 14 ,17 1111161116, 1 exclamat 146, 18
1161131, 14. 90,11, 113111146134114. 36,3. 91, 111161111611 63, 1-.3 116,
’ 13, 616, 3.164,6.111,16.161,7 17 -
1111911161,13 1111 Eumenem 169,9 1111111111671,6
-' 1167116111117613 66161119,13.149,17 11111611611143,16
116316 146, 3. 133 316116661,, 16 ’ 1111171641, 20
11611 1616661166,16 , ’ exemplar233, 13
1616 16,11,3.16,7.111111134,7.113,4 exemplis160,6
17, 6, 11, 611. 1111111136,19,164,17 1111171643, 17
661111 7ο,13. 61,6.131,161116111163,13 111111ρί1111 17, 19. 33, 4,
14,16 . ·. 1161119414 41,11163,.9 188, 28.¹
Ι6661116117, 14 , evocatos ,.33,13 11949. 230, ¹3
4 616111 11,3. 3, 11.33,1111111113,14 exequeretur 34 10
6. 164,17,611. Euphratem 191, 111104, exercebant 2, 10 32130314
esses, 1311613 66¹. 38‚16
1611 143, 16. 36,9, 17, Euphratis 366, 33 1111161611 8, 8. 9,44 159,
16, &c Euri 171,6 - 8 ,ἱ ·.
estne 161, 14 Europa 796 . 1111111111,463,4 -’
161116,11.76,1.71, 17 66167111796 111111116139, 13
‘ 39, 22 178, 14 1111116111111167,9 exercere 42, 2 ¹53³ ,3
1111111116, 7 134,11 61161161,14,116,16 13941
11111111,Η,-3,13. 11,11111661111113,9 , , , exercerent217‚2
18. 16,.111. , 11116116 136,14 1111111174, 16 ’-
6114111111 7,16,17 1111161111116,13 ,1111111161 111 η
Etruria 22, 11113614 1114661641, 1111111196-13
163 12· 1114611643, 11 1111166611 ²²3
, ᾙ11111111, 16 111461166143,13 6111616166 ²¹5
611611116413 exagitabat 11, 14 91, 14. 1111111616 220
1116116611116.6 Ι 114,17 6111111116139,44 ’
611111116611116,17.11,,.1.111,31,1 , 11611166 us1fi9 3
111 fi 1 1111311116 129,17 1111111116 290, 1
1444443674· 11131111131,9, 111311, 111111ἰ160113,9 .
¹ 1111151176,1 16316811 11111 11611116111,4

 

