- 9461444144 134, ,6

’ 9411444414,498,13

· 10‘011'1'111'1011111. ‘ .

9144414434 149, 43. 131, Ρο1496444433, 44 ’
·.44 433, 49 9444444864
9164347. ,34,4. 44,47, 9446414144, 46
-844, 9414414444, 44 ’
plu que 100 4 “ · ponere102,3.176,11
9144441444494, 49 9444 ret 7,3 14.117,2 '-
914444 444 4 137, 4 Pori 226, 21 ,
94441,4443 44 pos198,10
,1162111404 19 41413· 444 1611234225
4 17. 496, 44 pontem 33 46
poenae42,5. 119, 44 pont121617
44144444 36 5 1244444 446 48
94444143,9. 4ο,4. 44, 8, 12441444 446 34
844. 1244414444 444 4
Poem 126 47. 174, 44 9ο4411114414438,4 18
poenitendum 152, 48 124414444, 43. 446,3 3,43
94411444169, 14 Pontum 193 46. 493,9
, 9441144 88, 4. 134, 44, popu 34444 434 47
844. 9494 ares 19 16. 44, 20
94411414441,3 9494144164446, 9. 63,1.

9441444444 499, 46 144, 3 ι
94144 446, 34

. 10101211291114 111121
· pollebat 68, 8. 98,6 popularium 97, 44. 443,
pollens 6, 44. 37,7

4.4 44,3 14. 434, 43
941144144486, 43 populi 5, 5 8, 25. 44,
pollere 82, 22

2, 4141161
pollet 220, 14
polliceantur 53. 20

9494414444 6, 16
P. Q populique 4 33,
populis 129, 6· 189,1
941114446441, 48. 74,11, 9494148, 7. 44, 14. 63,
&c.5 4, 811. ·
polliceri 19,5 .20, 10, populoque 64, 44
844. populos 87 14. 444, 13
9411444144 34,47 444, 14. 9494 um 68 4. 74, 44, &20¹
140,4 · 143, 7 popu umque 27 11
941114114416431,1ο. 63, 22 Ρ. QPopulumque80, 13
polhc1tat10111bus79, 10 .113, 9494144 &⁷⁹ 18 43,7. 48,
c.
941111114149, 44 - Ρ. 2QPopuJusque 150, 9
941114114133, 44 populu 4444434 44
pollicitus 22, 43 434, 34 124441444, 44. 44,4. 447,
41
99114144, 17 P011111m22,8 =
’9411414 73, 3.. 21o,22, Ρ444141149 44, 13
, 94114144143, 14 9444461414 104 7
Pompeianam 446, 3 94441314 147, 44
Pompeianum 227, .5 porro 36, 84, 44. 84,
Ρ4444941146,1113. 139, 20.· 446, 33 ²¹517
· ’Ρ4141414163156,8.31,6.494,7 3311161166,114 11311214
Pomp 11111185,5 441,,4 94414148, 48. 444, 18
44· 9441441141, 15
Pompeius 13, 18· 15, 2. 9441444 4ο, 43. 52, 14.
43, 16. 34, 4.7 186, 93, 20. 102‚21
1·.9 195, 12. 499,47. 9441444196, 43 444,..6
444, 49 447,14 443, 34
124149114433, 12 501111111184, 44

1441444143, 44. 143, 47 “
9444444114 67, 13

· ’ portas 112, 711914, 13·

438, 2· 176, 8

’ 941141444114444 3,,7, ι ’

9441444441 150, 5
portendant 59, 9

¹p<rte11de1121111 477, 3
, ponendi 37, 4. 414,

25.

⁸138, 16
9441444447 3, 44
pom-1145, 2. 174,14 1,

· 94414411 >r 7 3

9111144446, 24·
941444111914
9414144414 ,4 9
poscebat 110, 8
9ο1441411,44 9
90141163, 46
,19414444 197,14
9414144441
9414114186, 4ο
1101111111 144, 4ο ·
9414144 488 6
9411114 437,4
9911144111μὸ 114. 199, 4
1611317416· 723 261.
11, 4141161
9411464441103, 16
941146414477, 8
9464611734,
14611767 ¹7 2912149
9411,4444464 444, 44, 44.
439, 44. 443, 2
possessa 77, 14
9464114444 164, 43 434,
94114111441144449, 4
postet 52 7. 44, 16, &c

17116647 4· 444
94 ffint 68, 5

941144 39,7

94114134, 13 46, 1484, 3,
841.

9411414168, 1. 483,3

possum 42, 8.152,18.
441 23

possumus 191, 7 ,

108011197113· 11841

94114174, ¹152. 16, 6. 44, 4,
43, 844. “

postea 44444433, 7 43, 44

9411444449, ,3. 444, 6

941144 44444 416, 14

410ste115132,4.163,9,⁴
230,12

poster us 131, 7

11

 

