vncnnuuonurn.·

’,τ 494, ,7,,9 , 6111111118, 13 2 61611111 147, 1418
§mmm 60, 1 Saturni 163, 11 scicntia 114,19

3394344, ,7,13 6 611161811111106,3 6161116661116143,18 ,
6661111133,1ο.141,9. 136, 61116111111,18. 141,13 616661111311· 47, 7. 47,
,· ³· 197‚24 , 61116111111173,11 10, 811. ’

,ι’ salutem 44, 11. 31, 13. 96, sauciari 139, 11 scinditur 101, 11

· 8, ¹²524 saucii 170,3 616011, 8. 41, 19.Ι 64,10,
6·“ 6161116917. 117314 , 6111661331 , sce.
'¹ 6449463709, 74, 6181601108, 5 Scipio ⁶41¹· 84‚2
· Samnitibur43,21 6111111,8.118,10. 113, 8169661161, 18. 13311.
’811016111111898 16611. > 107,11
· 6116669863 saxaque 187‚4 , Scipionem 60,7
· 3,,631,,33,1ι 6111111138, 23 ” Scipiones 118, 7. 130,1
6116111111,7 6116113913 Α Scipioni 80, 10. 84, 3
.srn6soru75,13 , 6110111039 ’ Scipionis 63, 8. 116,6
611811111816 6111111134 ff [16113619. 17311.
61116611 133, 11. 169, 11. 611611 191, 3 scirem 225, 37
204‚4 'scalis117,7. 1131 61611137,19 .
ς sun? 14, 1. 31, 3. 46, 1, 61196111 178, 31 scis 148‚4
, ,1,4, · 81111686, 8. 91,4 scissum 200, 17
81114133, 17 Scauro 85, 14 scire 133, ’18
Langam33, 18 Scaurum 83‚4· 83,6 61616131,3
sanguineus, 11. 63, 11· Scaurus 73, 11. 81, 17. 61611141,11
7ο,4,811. 84, 13. 81, 1. 97, scorpione 187, 13
Ι6111416111119, 16. 17, 8, 14 61111143. 11413
&n , , > scelera 10, 7. 31, 3, 1ο. 6101619,1ο
⁵ sanguinis 163, 10 99,3 ’ 6101101138
ἑ6116174,19 [11611116143 scriba 161,10. 187,10
61961119, 13 sceleratissumum 147, 19 6166111117, 14
sapientum 101,11 = 6116116166611111169, 3 scribentum 130, 19
sapienti 213, 17 sceleratissimi 88, 9 61166114, 1. 19, 6. 81, 41,
6196111616,13. 44, 5· 651 61161116811116589, 19 διε.
18. 110,11, 17 611111116661110116,4 61166111111113, 18 .
sapientire 3, ’18 y 6116111101011148, 14 scribitur ⁸424
sapientibus 164, 7 scelere 36, 4. 70, 9. 73, scribo 81, 3
, sapientum 10, 5 18, 811. · 6116141111 177, 14
sarcasmus 107, 8 6116116 48, 4. 80, 14. 163, scrinium 36, 14
sarcinas 143, 16 , 4 6116961113116,’1’0
⁴. sarcinis 113, 13. 137, 13. (1111661171, 7. 16418 641691611314. ,,
186, 31 sceleris 3, 9. 19,16. 10,,6116961116,10·. 130,13
Sardinia 171, 1 1, arc. . 6116961104, 14
8116616111, 3, ¹4· 204, 61161111116,1. 81, 3. 89,611691111113,3
38. 103, 6. 10711 , 11, 8ι1. x scriptorem 3, 16., .
satellites 117, 3. 160, 3, 6116161646, 10 scripturum 8, 4, 1019
&n scelestisr3,2 6169111113,9.17,19. 33,
6166116118,10 6116166666ιωί 1771 8· 168, 4 :r ζ.
6161117811 11 Α 4 suipruruu61,‚z .“ ⁴
61161111161,14 ' 6116161111130,13 6111111667, 18 ’
6116111189,13 ι Ι61161601438. 101,13 6161111818. 640115
611616 198413 . scelestum 181, 3 61119111191,15 “
611611,11.11.3,18.6,14,11111111,1. 46418. 69,813661111103,9 ⁸
' 1116669111, 11, 811. 8171141911 161, 13
6116161666111101 18, 4 , scenisque. 173, 3 Scythici 106, 13
satisne 188,17 sciatis 119, 13 , 61146611 119, 1
6116691116, 14. 113, 11, 6161610148,13 - 6111661111 87,7
&cr · scicnuu34‚13· 103,1 6111680111189,1. 183, ῃ
6116119311. 130411 6161111133,13 611168117913
2

 

