11111161 „

6111661116,1014,1 61186111118ο,4 sequebantur 194,1.
6111111514 , 6116146114, 4. 5, 14 9, ’16, sequebatur 108 ¹
seeret664,4 · 6106141111ι11111101,15
6111111516. 46,14 96, semperque 7, 6115, 8. 6141111111151, 19

mte- - 219,1¹ [141111111811 . .
secunde 71, 14 114, 8. Semproniam 84,1 614111119166 ’ ’

144,4ο196,14144,11119111111144,86.141151,15.1ο9,4,19,

16 61111114, 12 5ο, 1, 48, 16, &c-
6411111111,5..98,1 1⁶0, 11. 94,4 695,11 614111111116415
611888148831916, 18 ἡὴ118’;’,4η’11’44, 1323 148, ’688888118188215 11916.
6111111111, 19141, 4, 6 - 168,14

&n senatorem 234 11 sequuntur 58, 8. 64, 14,
6111111164,14,48,5, 141, 6111111115ο,15.118,4 165, 69

14, 106 ,5 senatun 379 Ser. 14,.8 46, 200158,
[1111811699116,19,61111ο1111116,5114,16 5

811. 6111111ὶί 14, 4. 114, 9. 61111181191,11
securo 169, 66 , 14915 seria 141, 14
6111114915.85,1,116,61111111111645 611111198. 14

10,&c 6111111111 329 6111111161,11.186,11,
6111111 91,6 110,16,11 senatorum 224,58 ¹· 169, 6
611111411191, 16 611111111514,8.14,61111ι11ῑ154,1ο
6111111196 16,16 9181116911611111116ιιες,’611
6111114614 senatur 64, 11. 85, 11.61101,ο4
sedan 154 61,16 111,41.114,1 61191111116,6,11
sedaverit 224, 21 6111111114, 1,4. 4,15,4 6119111111156, 14
6111111118, 65 1116161911 6111111144, 14, 184, m.
sedenti 145,6 6111111141.16,8.14, 194,14
sedere 198, 61 1,1116161411181111160186,11.199,19
sedes 76 5. 160, 11. 161, 6111618196, 64 Sertorium 185, 15.106,8

6111411- 6111611145,15.196,11 Sertorius17o, ¹3:25· 141,
61866116,9. 98,11 ·16116111111144,4 11.144,1.148,11.
seditio 14, 14. 61, 11. 6111,16111191 11 184,8. 105, 48
x 161,19118,161116111158,11184,4·6111191,15
618111111144, 15 8116111198 611111111516
seditionem 164, 14, 108, 6111111111 41 4. 64, 9, &c 6111111811 44,, 11

11 · · sententiae 114,6· , ’ 6116188 7. 108, 16
6111161111159,1 199,4 611111111149, 19 64,·,64 611611111151,1
seditinnrbus 30, 9, Ι45, 8, &cr ·· ’ Serv1t14,8

811. 61111111140,11 41916 611111165, 11
61811116116,1ο - 61111111118,,14 Ι6111111158,16.1118,18
616111161111186·61111111161194· ’ 611111111618
seditiosus 461, 17¹¹! ··’61111111114556 ' servilibus 5, 3
614115119916. 169,· 6111111111 4ο 14 ¹ Servilius 170, 28
seguinum-8 ·“· 6111111111,11 · 61111118, 2'2
6169611164, 14, ¹¹¹-·sentis228,·r'7·· · ’61111151,4
81111111191,14 ··61116111111106 - 6111161191. 499. 46
6111114, 8 ἵ619111161144,18,8181.1
sellam1417,‚2· . , Septimium 11, 16. 199, servirii159‚ 19 16n,19
seme1190,3' · ·- 15 1¹84,7
611411 44, 161. 1111, 1416141111 1614 16 61111111, 5. 164,9.’ 1.

11419. 114,66, 115,61411111114161,145-· 186, 5. 615,8 .

6191111145ι··6111111144,4 .·

6111111961119814 ··661411111114, 16 651166114114,;11.145,
6111564161 46, 15 ''³¹¹,seque8 16. 11, 1166 ΙΙ’1’,541”,851,

61111114111111111108,11.·-8’··”ἱ 11611 ⁸⁶· ''⁹'' ’61811119 ”-Η18

611161111606,15 ¹²· ····· Ι,ΕΓ561641161111111194,18· Μ· ¹¹¹n¹se¹1¹nrr4n4 ·

 

