,, 7999979999. 4 .

77779777799, 77 ’ ’7979997979 77, 74 21'7, 4, 77

7997999748, 17 . 8 797979797977779, 777 “

ἱ96779787799778,77 ἱ9797799736,3 799977799775, 77 ,
’ 7967977777 587 inimicum 778,9. 734. 79 7997777756, 74. 43, 3. 799,
7967799796,73 ι797977997737,75 3.·796, 7. · '
Jnfirmumque 798, 73 79777777 7377 777, 79 7979979997 7957 v
3nflex‘1t118, 11· 79799777777,6 7777797797 769, 39
79777 77, 79 35,4. 787, 797997777997 739,9 797777767777ζ,9 77
⁴ 9 ., 7979779775 74 7979777773, 76
infum'w3527 797999999779, 21 7979797779,78 7 ,
ingenia 8, 4, 7, 77, 7. 49, 7979777797 798, 79 · 79967769779777,76
79. 43, 76. 748, 77 7977779, 78. 47, 77 7979877758, 79
7977797797. 58, 79. omnnio 7,9. 30²· 4,’5. 6, insequente180,7
77, 879. - 8, 25, &o 797999779797997
ingenios, 73. 49, 79. mintium 5, 77. 79,9. 77, 7777777777 796 5, 77 , .
12‚&c. ' 21,&c· 797787777973. 25,16.34.>
7999797976 79797798, 77. 76, 8 79, 73. 786,77
ingenium, 79, 76. 6,73, 77, 879. , 7998999697 755 78
&c 79797777 10, 76. 77, 79 Ι4ο, 7777 dmum 121, 78
1rgen1umque 7,5 777, 17 12, 879 ·” infidia· 77, 76 77,3. .76, ·
797797 73, 75 36,7 799, 79777779793. 66,7. 69, 7..879 .

11,&c. · 77, 879 J ἱ97777777979797,79 '⁴ ¹

‘Jngentem 7, 176· 777, 9. injuriam, 8, 77. 73,7. infidiatuffi8o,23 ⁸

· · 757,3. 777,6 = 877. 79777977 77, 77 6977. 797,Ι

79779777 8, 77 798,3 injuriis 75,5, 45,7. 79. 74, &c ¹ .
ingentiff497 .ι39,’7. 747, 79 infignia43,22· 175,J4

7. 797,.6 799, 79· 79777877 96, 74 · Jnfign1busa9,1J 201,14
’79399777 773, 76. 787,·4. 7977777746, 74. 88,7, 215, Jns mulatum 773, 79

794, 6 . 75 7977977 776, 7
79379777 79, 75 736, 77 79797777 99, 79 917994 8. 746, 77. 799,Ι ”
79779779 197, 73 injusta 88, 77 ’ 10
Jngenuuo 55, 79 7979878796, 734,7 79797797797734,9 ,
ingerunt 113, 3 injustos 777, 77 insolentes 778, 7
ingrato 39, 79 inustum 38 77 insolentia 97, 79. 796, 799
ingrederentur 737, 77 J 79999797737, 74 &c
ingredientem 99 9 innocente 50,2 insolentiam, 77
:ngredmntur 186, 33 7999779797 44,1 179,18 msolenuarn 5914. 231, 5¹
ἢ 7977789784, 77. 797, 77, 777, 79 insolescere7‚3 ’

879. ’ 6 innocentia 10, 8. 797,8. 797977μ77766 795, 7,ἅὶ ,,
ingunnm186,53 130, 9 7979799997, 745, 9
inhonesta 73, 75. 59, 77. 7999777799 86 79. 737, 78 meantum 159, 19

88, 77. 127,14 79999797778979739, 3 7979777977, 77. 74,8 ‘

ἱ9179977779778,3 “ 79997797398. 161,)o 7776997977 77,6 . 789, 9. ’ ,

- inhonestioribus 737, 76 innoxii 31, 79 224, 21 “
inhonestiffima 777, 6. 777, innoxiorum 767, 77 insontes 73, 77

.- ¹5 · “ 7999779933, 77 ‚insontis 181,7v

Jnhonestum221,3 inopem 70, 73 insperantibu1218,15 =
79767779 5212 ¹ 7997777797, 73. 779, 86 inspoli1t0211‚15

, 7977877797 . 799777 747, 79 97776777 59 5
1n1m1c17514,82,6 779, 7999777577. 9,17 14, 14, 79779977 94,

76, 217, 9 &n · instantibus145‚ 5 787, 7

79779779 75 74, 87,7 217, 79977777 76 73 instare 54, 77. 94, 3, 896, “

77 Δ 7997777773 ο, 78. 737,5. 1,17,2 5,&c.

“ 797977777777 38, 76. 47, 1, 73, 7. 737, 778 instaurate168,8

> 785, 15 197,4 7999769, 79. 7698 ⁸ 7997989794, 35
7979797677797779,6 mquam 433 74. 734,3 , 7987779797786, 14.
7979779779 779, 77 inquies 758, 7. 766,6. 767,- 7977777777797 77, 5

 

