INDEX

1111113313 20 178, 16. 116,13. 111,
1111619131 1111666161193, 7. 211, 2. 4. 222, 20
116616 161, 14. 161, 6. 114,17 1111116161,1.163,13
137,11 111166111611611661163,16 civitatis 6, 1, 4. 32, 16.
11116176, 3. 137,3 11116611611661117, 16 1611111.
1111111111 131,16 11116611611178, 27 1111111661 31, 18
cicatricibus 200, 10 circumventam 11917 ciriurn 3ο, 4. 44, 1. 43,
0111161916. 3318. 3311116611161148, 11. 149, 9.46,11,811.
11.166,3.11,18.117, 1.176,4 1111116616. 166,13
17, ²4 111166116161131,18 1111116316. 112,12
0111166138,4,1ο,11 circumuentum 19, 9. 27. 11111131,3. 71,1
Ciceronem 22, 11, 13. 37, 14 cladi134,8
11. 38, 14 circumventus 13, 14. 61, 11111143, 9. 87,11
ciceroni 20, 16. 11, 16. 21. 146,16.181,1 11116 93, 14. 113, 13. 146,
11,17, 14 0111191, 17. 118, 8. 136, 16. 131, 7. 131,17
Ciceronis 20, 1. 34, 8, 14, 4146,1 clamor 35,- 17. 111, 3.
23 0111186, 16. 83,7 111, 19
0111616193, 14 Cirtam 86, 1, 6. 81, 1, 9. 11116611 34, 16. 91,.11.
0111116961197,14 81,16. 117,16. 147, 167,18.143,3
011166613316 6. 149,17 111166116167,9. 111,13.
Cimbricam 161, 13 cir 139, 6. 189,6 143,1
Cimbrico 34,1 1111111 189, 20 clandestinis 193, 4,
0111611683 11111161179,8 11111 1, 3. 61,4 86,13.
0166161373, 199,11 1111661119, 5. 33, 11. 34, 178,4
1111111114... 13, 14. 36, 4 11111 116, 13
9,11. 116, 6. 19, 6. citeriorem 16, 6. 178,9 1111131,16. 63, 11. 139,
149, 11. 131,16 citeriori 169,18 22 ,
111111161164,11 11111463 1111161 119, 19. 138, 12.
circuire 111, 3. 166. 13. 1111113317. 111,16 11617. 113,13,18
143,13 citus 13, 6 clariores 132, 2
11116611, 16. 11,11. 39, <irem 167, 13.131,1 1116166136, 14
6. 94, 17. 174, 19. 111118, 13. 13, 3. 19,16, clarissimum 113,6
196,1 31,11,811. .Ι11111111111141, 7. 114, 13.
1111661961 13,13 11116616, 14. 8, 1317, 116,6
116616116111611 196, 11 6. 39, 4, 111. ’1116111661 114, 18
circumdat 81, 3 civibusque 116, 19 claritudinem 63, 16
111161611111176,3 civile 13, 6. ¹33=9 claritudo 39,1
circumdato 81, 16 144,11111116141,6 1111161398
18 11111111, 22. 31, 4. 161. claro 116, 14
circumcundo 39,3 . ’ 14 11116181,11
crrcumsuli143,18 1111111391. 166, 3. 196, 1111616 3,14. 111, 3. 2215*
circumgredimur 191, 22 3 ’18
1111611131611163, 13 ciuilibus 61, 11. 137, 8. 11116148, 21. 49, ¹3· ‘7¹ Ι
1111616116134,6 181,11 7. 74, 8. 115,12. ,39³
circumlut'itr72,8 ’ 1111111 3,14. 99, 2. 113, 11
circumsedit 86,9 11. 163, 3. 118, 1. 1ῌ11196,9. 197,17
circumspefflre 121, 22 131, 16.’134, 13 classem 179, 3
circumspiciens 146, 3 111111111111, 17 classes 116, 3
circumspicit 16314 civis 9, 20. 25, 11. 34, classibus 133, 1. 190, ,2-
circumspiciet297‚ 13 13. 43, 25, 811. 163, 9. 221,8
circumtulisse 197, 17 1111111 7, 7. 9, 9. 24, 4. claffis 221, 3. ²²4r9
circumveniamini 166, 1 33,17,&c. claudebat 200, 3¹
circumteni2n1110,18 ciri121e11,16. 3ο, 7. 43, Claudii 133, 3 r
circumveniebant116,8t 13. 97,16,811. 1116611176, 20. 13

, ,9166116111 13, 11. 33, civitatem 31, 3, 33, 7, 35, emat„ 1⁶9,2 ⁹
5· Ι1617· ¹4321⁶ '3- 9⁶21›&0· . cicud0215‚9 ,
,611661116111441 167, 61111111 166, 3. 11,-,19 ‘lamium

 

