1NDEX

· 6111081134,14’ . 111661 116, 8. -111, 19· 113, ²2» 17
habendam 1, 1 · 151, 3 1616101196, 17. 119, 4
6161680144, 9. 46, 8. 1111616111, 9. 54,1. 64, hiemalibus 94,18
180, 6 “ 10. 111,11 hiemandi 113, ae
1116111161 161, 5 habuissent 48,9 1111111194, ¹4· ²032 36
6161111151,1ο habuisse 56, 16. 50, 11. hiemem 191,11
hebent 46, 1. 88, 15. 89, 14918. 153,1 - hiememque 117, 14
11, bec. 11166119, 18. 16, 11. 10, 1110611107, 19
,hahentur 6, 16. 9ο, 9. 16611. Hiempsal 66, 3, 9, ¹7·
' ,110,11· 1118564. 153,11. 161, 67, 5. 10, 19
616108, 17. 45, 10. 51, 4,“6ιε. 111169111164,10. 84,7
65810. , 111131, 11. 151, 3² Hiempsalem 61, 3. 67, 14.

, luben 2, ¹4· 1. 5· 1. 1110611619 ⁷32 ¹⁰· ⁸¹2'24 ¹5⁹· ¹3

6, 7, 1ο, hee. haeredem 64, .¹7·' 116, 19. Hiempsalis 73, χο.- 75, ,3
1116111669,18.116,1ο 1346 1116111190, 10 -
haberemus 46, 1ο haereditate 131,11 Hiero 196, 13
1116111611, 18, 19. 3, 14 haeserat 84, 6 Hilerdarn 1'70,4
haberentur ²4⁹3 haefitante152‚8 16111178,15 ·
baberet 15, 5. 101,16,Ἠ111111111116115,1 ' Hipponem 77, ¹7

810. hane¹ 44, 5. 47, 15. 65, 1111161110.175,19

s

haberetis 88, 17 9. 164, 11. 190. 11. 1111116013, 17

,6166116109 6. 115, 9, 130,16 Hispania 19, 5. 65, 6. 76,
¹3: 126,·7 1110616661, 16. 177,11 Ι6615. .
haben 10, 8. 158, 11, {submurmurare ι1111916111 165, 11, ¹742

ere. · Hannibali 202, 16 11. 178,15. 197,11

11161664, 11. 148, 6. 228, Hannibalis 204, 51 ’ , Hjspaniam 16, 6. 65, 6, ’
, 9,16 , 1141616117,11 see.

111601 9, 15. 41, 8. 58, harusp'rees37,3 Hispanias 16,1

...6116 10 ’· 1116186511 . 1113312661 ’ξ
ο ³ Ι
hebraismum has 71, 5, 15. 115, 51. Essemus, 16, 12. 76,11.
,1116110116415 198,1 1 110,7 ’ 11619
’ 1116111111, 5. 8, 6. 5ο,1111111151,19 Hispanorum 205,13‘

10,-810. haudquaquam ’5, 15 ¹ 1111411601 16, 15
habiti 1915. 34, 8. 134, bavero 19,8 6111066106, 5. 13617

16 hebes 111,1“ 1116116161 153,19
babirae 87, 9 hebescere 10, 8 bissae-riu 174,11
habitam 164,11 hebetem 108, 13 . histrionum 175, 5
habitas 116, 17 1116111115, 19 1661616104, 18
habitet 131, 20, 11 1161661105, 5. 107, 1 Homeri 106, ω
habiti 138, 14. 164, 11. Heracleam 190‚i3 1166160110,14

167,16 Herculem, 17. 118, 6. hominem 16, 9. 19, 8.

. 1116111110,19 131,11.-151,11.154, 57,15,810.7

6161168415 7 homines 1, 1. 5, 5. 11.
6161661964 110661676613618 1,18,13,ειε. -
61611611190,4 · = Herennius 171,11. 178,4 11016116146116,6“
habiturae 154,8 . ’ 11061163 « 1101616110,5.1·4,6.15,
habitururn 51, 4. 69, 1. 111466481976, 10. 77,4 10‚&c.

11614. 117, 10 hiavit 191, 54 6016161661ζ41, 4, 15· 41,
61666191, 13. 101,5 hiberna 110, 11. 143, r7‚&c. .

, habuerant79‚1 11. 145,9.148,15 ’606161661466154

habuerat 9, 15. 50, 14, hibernaculis 148, 17 . 6061665.16.153,ι ‚

' 18,811. , 61601661781 hominum 2, 11. 6, 16.
habuere 6, 8. 53,13, 41, bibernis 94, 14. 114, 9. 916810.

9, 810. ’ · 116,1ο 11616010, 17. 54, 9, 69,
habuerint 6, 6. 75, 16 111145, 17. 47, 1. 196, 20. 1,, sec.
' 116661113910 10615. 151, 1614.1106611113,16.61,11,88,

 

