INDEX

1118ἱο45, 8. ism 110111111915. 174,19 1181115814. 144, ff
dubitabat13, 1 110170, 19. 80, 7. 81, 9, 1101611198 “
dubitabo 118,10 810. 1101111 108, 1
dubitand034,18 duplicat 196, 18 edocet 37, 11. 104, 8. 140,
dubitantibus 11,11 duplicaverat 198, u 3. 153, 6
1161111115, 10. 119,16 duplici 186,18 11081118, 14
dubitationem 86, 10. 114, dun'tiam 145, 28 1106111 55, 11. 110, 9.
19 Durium 108, 5 154,11
dubitaris47,7 Dufim 105, 19. 157, 16. edocuiffet83, 10
1111111111141,7 151,16 '² 1101111194. 118,5
dubitavit 171, 15, dux 47, 6. 57, 6. 61, 15. educit 119,5
- dubium 143, 6. 171, 7, 178,5 1111111145, 18
811. duxere 189, 14 1811ῑ155, 15
dubius 104,15- 186,11 duxerit 555,11 1811111154, 1
ducant 191, 15 1111ἱ151,16 · ’ effecerat 11, 18· 97, 17
11116, 9. 76, 71. 40,15. duxisses 151, 15 1810111189, 11
107,11 v 11111176,11.170,18 1811ἱ1164,14
’ ducebantur 101, 14 Dyrrachio 118, 10 1816111157, 11
ducebat 91, 15. 11911. 071111ὴί111 169, 14 1816811111 85, 6
114, 10. 140, 1. 151,10 1811111151, 14
ducebatur 159, 7 1811111170, 10
1111111104,14. 140, 5, Suc· 11111114. 83, 3. 115, 5“
ducenta 114, 11 ’ efficiebant 150, 21
111111 98, 4 . . efficiebatur 12, 5
ducerem 69, 1 , · efficis 115, 18
111111111115 18117114. 111, 1. 115,
duceret 91, 5. 114, 1ο. 18.106,15,
115, 7. 151,15 , 1111119515. 101,17.181111ῐ1185,7
duces 59, 15. 144, 10. 1148 1811111181, 11
161,11.105,1.150.51 11111114,11. 17,15. 14,18111111119,16
1111411954 ’ 11. 56,11,111. 1811349,6
duci 10‚·9. 91,11. 175, 111111,4.159,8 1818010010
¹7 11141178, 1 18111111 107, 11
1111811155, 11. 175, 19. 11117, 15, 16,17. 11, 16. 18111411167,18
⁸ 198,15,19 11, 9, &tn 1815170,11
. 6111117915. 186, 9. 198, 1111411491. 79,,18. 175, effugiatis33,4
18. 230, 27 15. 1194 effusas203, 11
ducit 4, 54149, 2. 198, 1111111117,11 1811115119
¹9· 234, 6 11111 46, 4. 87,8 1816 144,18·
11111166, 11. 108, 16. earum 21, 2. 15,·’7. 17,18160109,10 ’
117,16 , 19. 64, 9, 811. 1111111155, ¹9
'duc0219,27 1117,15. 10, 7. 11,1.18111111119,17
ductabat 15., 5. 16, 11 41. 9, 811. 1451119118
1111111195, 1. 110,6 1161111180,11,111,3 1511111144, 13
11681111119,11 easdem8¹‚3 · 6111181915. 71, 9. 73, 1.
dussoswhzl 02167213 110,16. 197, 5‚219‚5
11611 177, 8. 100, 8 eatis 87, 6. 90, 15 egentes 16, 8
1101111154,15 1111719 . egentia 156, 22 ,
ducunt 97, Ι11 1044111151, 55 egenti 100, 15
ducuntur 114, 15 11111157, 19 egentis 30, 1
dulcius 11115 efficto 101,15. 108, 6 15111ῐὶ81115 133, 4
11149, 8. 41, 9. 106,16. 11111156 1511111819, 140‚25
125, 11,111. · 1111110110 1411111699
, 11061150,1.50,11.109,11110111111,19.170,10 15111117, 23, 232 10·
²3· 14810. 178, 17 editoribus 144,11 29 ’
duodacies 155, 16 edtttffimua 1⁷09 4 egerit 92, 4
duodecim„ 12 1111011186,19 ·

 

