INDEX

«111611136,11. 39,7 1911111531 10. 73, 19. 1116161, 18. 130, 130·
1111161, 17 , 107, 3. 233111 131,13
1616111734 «11111461. 90, 7. 177, aeterna90‚1
‚edificabatzzffiq 18. 111, 37 1111119101, ς
11111113, 6. 18,11 1111101313 - 1111111333
aedificaveris 117,6 1111611187, 14. 98, 8. aetemi 58, 6. 134,11
11114111 77, 1. 79, 13. 161,11. 181,3 1111111111,11

10313 1111614. 31,16. 33,11111138,13
1111111731 7. 887. AEthio'pas78, 11
edificiorum 118,19 ’ 111116, 14 AEthiop³am 204, 14
,1111111317 1111111171,13. 81,6 aevi 37,1 ’
1611111611 aerumnamm 41, 9. 104, 1110103, 34
AEEte174‚9 19 affatim 100, 14. ,108,1ς
131134, 3. 84,14. 191, aerumnis 69, 19. 202, 24 111111111139,4 ’

31 1111119. 13,14. 18,14. astbstabat116‚7
43111111 118, 14. 130, 1119. 19,1. 33,14. 1116111117, 10
1366 108, 8 1166182606ἶὸ Ξὲῐξῐνεδῗῗέπ, ⁷
aegtitudine128, 13 1811111138. 133, .6 1611111110, 18
13111111111119, 3 18111137, Ι11 1111111114. 11
ι,1.13101111170,17 11111111839 = 1811111168, ¹7· 13ο,3
’131111 111, 3 716111161 171, 3ο 1611611114, 2
AEgyptum 178, 4, 7 aestimare 134, 1ο 1811613114, 14
AEmuiae164, 16 aestimaverunt231, 23 affliffl 113, 4. 147, 3,·
183111Ιί01817 , ¹ 168111νί 131, 14 - 179,6 1
AEmiliorum160‚8 11611103, ¹5 ’ ” 168ἰ616111176,3
6811811163, 13 aestivorum 101, 7, 11 · affluen8234,5
1141117311. 164. 11 aestu 106, 16. 170, 14. 1181111119, 19
aemula 8, 13 . 176, 16 16011110, 14
111111119116. 111,14 aestuabatzo, 17 1181111314
1111111131, 13 1111111139, 14 11111111, 17
·31111ἶ11186,11 ¹· aestuatzzo', 20 - ’1111711
AEnpfifi, 10 Ι 1611111341 Africa 61, 1ο.· 70‚,7. 73,
AEnum 100, 30 161111111164, 11 , 3. 79, 3, 7. 81, 1. 86,
11411344. 113, 14 11611114 9, 7. 18811 4. 91,18,113, 13. 137,
aequabilem1o7‚4 11ῆὶ1111139, 13 1. 143, 8
1911116100, 10 118111νὲ11 18412 · Affissaeflstdy, 13. 113,
’ 1141116111, 17 1611111113, 3 13,104, 13 ·
,119111111191 ⁴ aestimo 3, 9.‘ 33,1 Africam 67, 11. 73, 7, 8,
1411614111. 116,11 ··aetas4,9. 18, 3. 10,16. 16. 76, 1, 9. 80, 11, ¹4·
aequalihusfi9,9 3¹‚8· 49,11. 52, 3· &2¹¹115· 84, 4· 20,
aequalis 135, 17. 113, 13 113,1. 134,13.188,1. 93,11., 96,13.101,ς,
1111115111. 137218 212,16. 111,18.119, 118‚9. 1317· 1419.
‘ aequam126,'17 4,131,13 1511211111
141119, 13, 146, 8. 130. aetate 6,14. 11, 3, 3. 13. Africam 116,7
· 4 1. 38,1·8. 61 14. 64, Africano61,18

aequi 196, 3. 111,11 18. 63, 18. 164,1. 196, Africo 171, 1,
’141111111113 11. 118,11. 119,11. Α11111177,3.
’1411111113119 · 15414 agam 18‚21· 70,22. 73,

“ aequitareg, 3. 8, 16 1111113, 1, 430, 16. 1

1411111103, 39 33,1. 41,11. 31,11.1311133,14. 134,3

,Ι aequ04› 4, 41, 9. 88, 8. 38,13. 39,17. 111111311133, 10. ¹7929

. 3310. 93, 8. 119, 9. 113, 119, 11. 131131184411. 72‚2. 179,
22332:⁵·:2⁷’²¹·²1⁷’¹ 8,, ἶίἶ’-ἒ9,·.,’.ἰῖ’ ...8. 9., ,, 10⁹, 23.
1631113610 aetati 66, ¹3· 14.-13. 11910

· 164,1. 197,14

’ 1

 

