' wnssx

. 11111,1.59.9,71,1.93, 9991191111 19,19 34,7 991188,11.3ο,8.77,
19, &c t , 99191991111938, 13 13, &c
91111919,13. 81,17.119, 991919191116.117,13 11919118,13
2⁶ , 9919191133, 19. 4917 9919991131,1. 1946
9119919161, 3 9911119111 115 17 novaretur 50,5
91111193 “ 9991199191919918 9911199111, 19. 30, ..3
nobilem 37, 19119, 39919111111137 25 37, 119111,
¹,25··² 1331 9991111913, 18. 19,3.77, novas 194119, 3. 213,
9911119114, 11. 17, 12. 63, 8,.111 , 7
19, 811. n0m¹11¹47›5 163,11 1191111131,1934,19
99111113,11.11,11.19,8 99919169119,1,1. 31,13. 99181141, 19
9919111191 87 14 191,17 991161, 1 63, 19811.
9911119114, 19 · ’99191911 61, 16. 97,19. 991191114318 ,
1196111113,,ι1.73,11,811.111,18,111119111,1,11., 123, 2, &a
991111819147,999119919113,14 9911111911 634 79,1
= 1196111111 19, 16. 31, 11, 8199111313. 16,1 1191181191 111,7
91. nondum 16, 3 89, 11. 1191119113, 9
996111111134,1391,11, 31,18 1911199131, 11
811. , 99991187.. 89,4. 133, 9919183. 191, 3874
nobilitatem 7, 16. 61, 1, 3, 21 1191919111 113 4
&c nonnulli 1919. 39, 6. 52, novos 68 3. 117, 16, &e
9919111111 1991 11. 11413 99191949, 19. 42, 3, 22,
119111111ιί9 61, 19. 68,1,999119119191944,16 811.
Α 9,.111. 1199991191 11,8. 11., 11. novus 20, 17113, 12,
9911191914,13.119,19. 1396 661..
“ 227, 9 9917,19. 16,16. 16,6,99176,ς.93, 77. ,713,4,
11911111, 3. .18,1, 5. 9, 11, 819661.
14, &a 1199111149 ’161,7 99199191663 .
999999194916 991919111,19.113,13 1191191643
1191116991 31, 6. 197,9ο 217,rz ·’ 1191111993
1191199131, 1⁴ 1191. 91191198, 19 Ι9911919111 179, 17
9911911111ιηί 88, 19 · 1111111197 94 9911999911
“ 1191111198, 6 9911111, 416,8.41, 4, naheren, 14
9961914,7,14.13,19, 819. , 99611194, 30
9 911.19131,8 698. ⁰7.¹² 1196169193, ’”
11οὲ6111 393 .143, 11.11,811.Ν911111191919,6
1449819. ·- 7919111414 136,3 1199111611. 199,7
9919411137, 24 99811199131, 33 ’ 99 11111913 68
meusque 11, 3. 81, 4“. 9911111917, 25, 99191119119319
139,14.141,3 11981193 19,14.49,7,119111149, 14
’11911114144-19. 133, 11,811.11919111131,13
19,197,“199811163,11.36,3.141,1191111844,6 14137,
9961967,16.81,11. 119, 6111. 1416114
17, 819 11981963 ,.19 76,9. 84, 1191111917 . ,
99619999 9523 191, 13, 16811.991119181,7.117,18,
um 99819199439.163,13 115,7
1981919933141997119119146, 18. 47, 17,1191111191,,7,4339.119,

’ 14 9611919131, 13 811. 16,1181.

9911131411. 131, 3ο 1198191916, ¹0 17, 8. 46, 119119 141, 14143, 13,

11911913,39 4 3819661.

9911114618.6’9,16.73,7 119111 398 nullum 46,16. 86, 99,

1911117, 6 · notior 229, 8661.

3191111111, 9, 6, 23. .39,17, 9ο91111111933,18 9911911917. 79,8 ,
819. ² 99189911946 num 130, 19. 131, 17,1

9991999177,14.199,17. 9919131, 18. 33, 19. 113, 177, 3

19911 6 1899119111647. 6744
Ι. 9991911634 1844 1191..13,19

 

