81661137. 11,13. 12, 11116111ἓ11131, 11

· 9. 14, 2, 13, bct.

Catilinam 19, 13. 19, 11, celebritatem 194,4

16. 31, 8, bec.

Crto44, 14. 48, 19. 21, 14

49· 8, 11. 15
Catone 118, 6

Catoni 49, 20

Catonis 30, 4. 111, 6
Catuli 16414. 168, 6
Catulo 18, 1. 137, 1. 169,

1

'car'utu127,rs. 38, 13,
17. 169, 3. 181,6

1111198,10

1111111931

1111111143

cavendum 21, 17

1111111111 184,9

11111144, 18. 109, 18.
131,31

caveret 116, 1

caveri 118,21. 152, 20 ,

caveris 221, 21

cave1e53,6

1111811, 9. 13,3. 13, 1.
27, 3. 36, 16, 811.

causam 2, 14. 18, 7. 44, centuriis 140,11

3. 51, 7. 31,4. 118,13
1111613011
cautsa 13, 11. 10, 11. 34,

3· 54151 &⁰⁰
1111116911
111611117918. 117, 1. 119,

11. 117,11. 133,13
11161194, 1. 111,3
1116111941. 214, 16
Ceam 204, 33
· cecidiiiet17,1
cedunt 227, 6. 130, 13
cedebant 201, 10 ·

' 11611111193, 1

cedentes 106, 13·
cedentibue 10311
1111111810. 27, 13. 94,
1.106,11. 111, 13
11111114, 13
11611147,13
celeberrimi 173, 6
16161111183
111181111111, 12
,1111611181
celebrata 200, 9
«11611911039 ’
eeiebratttm 103, 8
celebratus 133, 4
’ celebratusque 118,8

VOCABULORUM.¹

¹0⁶1 17
1111111 30,1. 19918
c:1t.rbttur1i2, 15
0111113, 17. 34, 3. 51,ce-·taudun221,10
111111111101,16. 141, 14 '
celeritate 34,11. 114, 14. certantibus 14r,9
1⁷0, 14· 20³2 15 ‘emmeno ⁶· 72 Ι1Ι 1. 32,
celerius 193, 3 3. 67, 19. 97, 13, bec.
censebant73,20 , certamini 27,3. 189,7
⁶⁸⁰s⁸⁰ 40121· 44,& 47, certamine 66, 1. 138, 1·
8. 48, 14. 168,13. 183, 223, 19
12. 219,16 . certamini 118, 11
1111111181, 13 1111111ιηί1 138,19. 179, 19
1111111181, 11 tertarnus 31, 19
11111189, 6. 181,3 certare 62, 9. 10313. 397,
censesne 222,9 ·.
1111111681
censetis 177, 16 ’
censores 20, 5
censorium 133, 1
1116011331
censuerant 83, 13
censuerat 39,13. 48, 11.
Ῑ691Ῑ5
1111111467
centuriae 221, 9
centurias 137, 17

celebraviiie 200, 14

¹3· 2²²133154
1111111136, 3
'certatim 118, 10
certatum 11313. 181, 11.Ι
21515
1111111134, 18. 111, 11
certaturos 118, 3
certaturum 136, 8
certauerunt 207, 23
Ι 1111181179, 10

1111141. 19. 39, 17. 64,
ιο. ar, r· ηε, 9· n„
3. 117,11. 130,10

111111109313 certior 102, 9. 128, 10.

· centuriones 33, 13. 93, 4. 14914

118,10. 140,9 certis 14, 16. 17, 1. 118.

,01931103619487 30, 13, -

tertiri‘rmus 204, 16. 100,
0191611368 · “ 33
0191111136,9.37,8 1111013,1.46,13. 116,
reperentur 113,4 3. 104, 1
ceperant 113, 1. 220, 17.111111101,17

113, 1 1111111798. 104,14
1191111133, 13. 61,11. 97, 11111111183,1

10. 106, 13. 136, 27. cervicibus 177, 10

1436 Ι 111111117911
ceperint 47, 10 111ὶὲ11 11, 13
ceperit 7, 19. 134, 17 ceti‘erimus 31, 13
cepi 131,19. 190,7 6161131, 16 ,
cepiiie 13, 10. 16, 7. 119, 1111113319

4. 148, 10 0111114148, 6. 168, 7
1191811164, 18. 1633 Cethego 13, 14.ι 34, 14,
1198111138 30,13. 31,9
“t 1.·1· tt 1· ttrite 31 ⁷, , ,

· 1 · 2 2 ⁰ 2 e
11111160, 10 18. 37, 7, 11. 39,13
11111111 33, 11 ¹ Chaeroneam 107,14
terni 112, 24 chelredum 110,8
certa 33, 16., 131, 9. 160. Charybdi 103, 8

27 Charybdis 101, 11

’ 1111111118, 14. 31,-16. Chleuaim0207,8

Ru

 

