VOCABULORUM.

Bestlae 86. 8, 17. 97, 14. 6911991186,9. 93,8 · 0119117919
. 13¹, 14 bonorum 4, 3. 377 20· ⁵8, caes2138, 15, 39,2⁵· 44.
Bellaque 91,13 ’ 11. 134, 6, 611. 12. 46, 4, 611. ,
Bestiam 92, ’18. 125, 5 bonos 19, 19. 41, 11. 43, 0111111 14, 3, ,3, 19· 23’.
bestiis 71, 3. 75, 14 4. 46, 3,16,811. 16 “
Bibuli 222, 1. 131, 31 bonosque13o,19 011111111814 .
Bibulum 228, 13 bunum 5, 2· 9. 7· 3¹2 24· Caestlri 37, 8· 39, 8. 131,
biduum 119. 19 54,11,1.·1. 32
biennii, 178, 17 bonumque 8, 12 Caesurls 39, 23. 134, 1
binos18, 10 , bonus 9, 13. 11, 14. 17, caesum198‚3
biuos7‚2 4. 59,1,111. 1111111 18, 7. 14, 1. 34,
binum187,7 brachium175‚ 19 9. 35, 14, etulibi. ¹
bis 89, 1. 186,19.115,7. 6111111916 1111111119, 13 ,
232, 22. 134,1ο,11 brevi 7, 7. 34, 36. 59, 1111111138, 23
Bithyni 193,3 19. 585 9. 63, 19. 67, 1111111159, 21. 216, 11
Bithynii 173, 11. 189,11. 1911, 811. caeterasque 9, 3
201,27 111111, 3. 57,1. 154. 5 111116 6, 17. 17, 11334,
Bithyniam 189, 14. 193, Bruti 317 · 2⁶· 16191810·
16 Bruto 181, 6 1111111911 11, 7
Bocche 147, 16 Brutorum 169,8 11111611, ι. 11,3.11,13.
Bocchi 127, 8. 15,11. 118, Bruttio 33, 22 34, 5. 5ο, 7, &u
4, 29‚&c. Bruttium 191,13 111111691115, 11. 46, 15.
Bocchique 138, 11 Brutum 111, 11 51, 9. 118, 6
Boccho 117, 13. . 147, 8. 811111 33,9 ceterorum 37, 23. 49,17
159, 9. 151, 3. 151,19. 11111914, 11. 33, 19. 54,
8966ἐῦ60114, 15. 113, 5. · 1116131969ξέ 1391, 81ὣ34, 13
118, 19. 143, 4. 153, C· taeterum 14, 14. ι17, 8.
1. 15411 41, 16. 54, 6, &a
Bocchus 79, 3, 117, 11. 06111199,9 -
136, 8111. 0111111 190, 14 calamitas 32
Bomilcar 93, 2, 9. 117, cadavera 55, 16. 56, 1. 9111111111 35, 6. 134,16.
3. 1191, 13 188115 ¹ 11816
Bomlcare 111, 8 1161116611 4, 4. 147, 5 11111119111137, 14
Bomilcarem 93, 13. 114,11611111111177,5 C-11u205‚16 .
8. 113, 14 116111139, 11 1111111119, 17
1111961111 91, ²5 1161111 55, 4. 109‚8 ' 1166111931
Bomilcaris 121, 5. 111,1 1111111313 16661791
6911111,,19. 17, 5. 18, 11111111151,15 , 1111169897
14. 13, 9. 31, 2, 111. 11111181,14. 94, 19 calliditas u, 0, 1. 111, 33
6919113911 1116134, 16. 37, 19. 67, nullitate 151,1
61111 3,· 11. 1, 14. 191, 18. 131, 19. 163, 19. 1116691993 “
6. 135, 8. 111. 13 11919 111661111147
bollaeque 86, 16 cudebantur 177, 1 callidus 118, 3. 141, 3. 116,
1111111315. 179,18 1116111161. 41,’4. 48, 4.111,1
bonarum 58,3 16. 59, 8, 819. calonibus 165, 5
6911119, 3. 57, 3. 199, 116111 195,11. 111,11. 1111119171, 11
19. 115, 4. 115, 6 11917. 14915 1691111794
boni 7, 5. 8, 11. 16, 19. 116115, 14. 191, 4. 115, Calpurniani 107‚4
17, 11, &a 16 01191116984, 3
6919111594 1161116,1.11,1ο Calpurnius 84, 3. 13,19.
bonis 9, 18. 16, 14. 39, caedibus 161,11. 19913 85, 19, 86,1. 1ο7,7
7. 41,11, acc. 11619111185, 15 11116177, 3
69968911115,3 1111111193 1111911111 13, 13. 119,
191193, 5. 65, 1ο. 8914. 1111175,11 1ο
85, 3. 99,11. 159, 7. 1111111114,9.37,11.48,19. 111111111ἰ1117,1
“ 167,19 95, 9. 138, 14. 1798 1111111197,11

 

