vocAssuiomiM: ’

616111, 8. 34, 19. 35111111111119,14 fecerat 11, 11. 19,17, 11.

14, icc.. ' familiamque 5,6 · 13,.119.

116114, 4. 11, 15. 15, 1111111111111118, 9, 11. 19, 119ἓ113,14. 7,1. 8, 5.

18119. , ’ 8. 178, 13. 113, »1. 19,5, 14, &ci
fastum 9, 19. 16,17, 43, 111,19 11911111119,.19

811. “ ’ 111111111111,11.159,19 semitm, 10. 81,1. 1,
1161111133, 6. 181,11 11111111111411111η - 1,7. 161. 9. 197,13
1161919111 19, 9. 34, 11. familiari 63, 19. j184, 5.,199145, 8. 153,13
· 44,11. 89, 24. 114, 231,st fecissem, 2. 56,16. 19,
Ι7. 116, 3. 154, 15 111111111194,1 · 19, 811.

“11ἃιι1111 191, 5 11911111111191198, 15 6111111145, 11. 69, 1
116111 49, 14. 90, 7. 1191, 111111111116, 1. 24, 7. 116, 119111111149, 14. 97,7

9, 811. ‚ 16 , feciiiet 89, 11
facundam132‚ 11 ⁸· 111111111111111111144,4“ 1111111 65, 6. 70, 3· 117,
ι1111111111 49, 1. 86, 14. 1191111111111111133 , 13. 118, 9. 131,8

115, 3 · ,111111111111115111 1111111145,4.197,19
,1191111111 147, 13 11111111111111114,15.41,3 fecit 44, 11. 48, 7, 14,
facundiam 200, 3 « 1111111111 113, 1. 131, 17 811· 7 ’
111911111141, 3. 199, 8 famosam 74,1 11111141 161113
¹faedai'entur 171,13 · famofi 2055] felicior 142, 7
F-aesulaniim 34, 6. 53, ¹·7· 1111141, 3. 115,14 111191111119141,7
Faesulinus 5317 Fannius 157, 6 feliciter 199, 15
11111111 20, 15. 11, Ι15. 11119111, 5 ’ · 1111113414
. 13, ’13 . 111111111316. 19, 19 191111, 15 “
8111111139 11111917 ,16 . 11111813
falcatis 195, 11 fasque 12, 13 feratis 224, 22
Ι1111191 91, 14 ·· 11111119 119, 13 1111111111 136,13. 173, 11
fallendi 113, 17 ¹ fatentur 36, 11 ferus 61, 31
Ι 11111119191,19 11119117718 1111151,19 “
fallerem, 11 ² faterentur167,9 sese 33, 11. 37, 13. 55,
fallerent 177, 5 l 1111311111 174,7 11. 6313. Ι113,1
11111118, 11. ’ 139,1. 131, 1111311119 59,9 ferebatur 86, 8, . ·

11 1 , fatigant 19,6 , 1111911111154, 15
11111111113,13 “ 1111,11111111111,4 111111111171,9
11111194· 46, 5. 193,1111311171,1.119,3 11111118,11.113,11 -

34. 117,3 ’ 1111311111, 6. 119,5 11111176, 3. 137, 3
1111111131, 15. 149,.’5 fatigatus, 19 ferire 7, 14. 55, 3. 61,
11111131,11 > ⁴ 11113111 118, 4. 11411, 11133, 5

· 1111114,5.17,14.114,3 149,11 1111111314

11119 38,15. 57,1. 139, 113141111111, 39 ᾖ 11111111196,3 .
13 ’ 11113111166,13·. 154,15 ferm& 19317. 113, 17.
1111119, 5. ’13,9 ’ 1119111514 111,117 x
11111111 38, 3, 5. 43, 17, 811, fatum 37,1. 111, 19 ferocem 108‚·18
1111111111,8. 49, 18. 411, 1191111148,11.193,9 feroces 46, 18. 141, 7.
5. 74, 11 favebat 14,15. 37311, 144, 20. 197,6
famam 3, 11. 7, 15. 13, 111119139, 19 . 111911151,8
19811. ¹ 11111118,11 1919111159,15 l
11111181,19. 95, 20. 177, favi 131, 31 1119111111911155, 17 ’
11.193,’37 . · Favonius 222, 12 ferocis10,1
famem 11, 19. 137, 5. 11191···11168,9. 111,9 ferocissimi 193,3
’ 178,5 , 1191911499 1119111119,11.159,1 -
fames174‚7 111191117315 ferox 5, 11. 31, 8. 34,

, 1911111115, 7. 69,14. 79, 111111119181,14 · 11, 811.

, 4, 17. 141, 11. 716, 11119111186, 19 ’ ferramentis 179,5
6. 117,8- ’ ν 1111111161 1111113814 ’
1111111111 14,1. 65, 6. 71,141111111 22, 15. 66, 8. 1111119115
Ι ’11“. 73, 8. 114, 18 ᾒ115,8 111111319917
· 1

 

