’ ’1061111611111

911181ἃὶ ’801,18 Wfidium 27, 6· 161 10, P¹⁶t3⁰s¹ffim⁰⁸233229
pgaefeffig ¹03» ς’ - 816. 9111111116, 11. 74, 5, &ca
91111111411115,8 ¹ proefidiumque 1155 pridem 45, 17. 111,16
9116161111 167, 4. 118, 9111111111 76, 11 9116111186

’11. 91911 9116111111157,4 91111119,19. 55,1. 78,
’9111816811119111 125,1 prestare 1, 1. 164, 16. 5, &c ’
9111616111 56, 16. 11814. 177, 17· 911111 158, 1. 111, 5.

115,9 , 9118111185. 96,15 1149

91191111111141, 16 νρ1ε81118111169, 18 91111111 55, 16. 199,16« Ι x

praelatus 161, 16 - 9111111111 76, 18 911111 19, 15

9111111 16111 f 9111118 115, 56 9111119111 9 5, 14

91111111611159,,17,14 ,9161111 16, 16. 11, 14, 9111111916. 5,9. 15, 5,

9111111115,17.166,11 816. · 811. , .

91111118, 19. ’51, 4. 51, 9113111116, 1. n, 16, 91111691. ,8,16. 14, 5,

. 16 811. &m 811. ’
911ὶί611115, 6. 11911 911111161111196,6 911161811158,4

,91111111597 · 91116111111159,1“4 9111111161,17. 16518,

9111111114,4.18,18. 19,911111161111171,11 811. 1 .
1, Sec. 911115118111111111191, 15 9111111111, ιο. 4,1. 1ο,

91111111891. 11111 911111511611167,4. 209, ‚&c.

- 911111111174, 19 7 *- primus 59, 19. 61, 11.
19111111656,1.68,111145,911111111149,9. m,13· Ι181,1. 1οο,4

9 119, 1 9111619116, 14. 74, 7. 81,

· 9111161611 186, 17. 91111111 179, 15 · 18

9111111111165, 11 91116194, 5.,56, 16. 54, principem 15, 5. 161,1ο.
9111111611111,9 > 1ο,111. ⁴ ·185,6. 230, 17

¹ 9111181167, 76. 151,1 9111611167. 1495 principes 11, 7. 54, 5.

91611811516 ” 9111161111 5615. 14915 16918. 118,4. 166,
9111111111 167, 6. 151,11 911161111916. ’5ο,7 15 “

9111111111 15, 19. 115, 17 9111111155, 14 principia 165, 17
Ρ111161171, 7 9111611155, 5 principibus 51, 18
9119111118111166, 1 911161161155, ’11. 18,11 principiis 165, 9
9119161161184, 17 911111111611. 17,6 91111191111,18.85,1,811,.
9119611111 151, 6 paterium 64, 5 , 9111ιί91111 166, 14

’ 91111911 94, 18 praetulerat 30, 1ο 9111165, 18, 171918

’ pra-sens 15, 11. 85, 8. 9111111161, 7. 156, 1. 9116119911. 146, ¹3 x
103, 5. 191,17. 114, 117,8 ⁴ 9119111141,17
5 ¹ 911111111111, 16 911111116916. 1οό,7
911111115999. 1688 91111115, 19. 141, 1691111111 5119. 541 17.
9111111141, 6. 85, 11. 811. 599. 164,11
, 18511 pravum} 911111171,1. 81,15. 165,
911811111159,7 . pravis 57, ,9 1. 116,11 ’
praesentiam 15, 4 91111811111911 166, 17 91111111 117, ’9
praesentibus 140, 6. 1596 9111111158,14 ’ 91111111169,15. Ι177, 15
praesertim 59, -1, 8. 166, pravitatem, 11 9111111195, 59,1,816.
1. 181,11. ’11911 pravitatem 174, 56 - privatimque 51, 16
91161161151,14 9111191115, 15 j 91111111 11, 4. 30, 18,
praefides 186, 7 pravum 81, 15. ,854 &c
9111681111, 19. 15, 1, 41, precibus 58,1. 168,15 9111111111, 15. 155, ³3·
7, 811. . 91111611111189,4 , -168,15 “
91161111 59, 6. 51, 11. 91, 9111691119 111, 56 ’91111111111157, 16
14. 115,15 9115111171,15 9111111161,5
9111661115ς,15. 5916, 7111811611 · ,91111111 18, 6. 197,1
14, 816. , 911116 168, 11 9111191111 15, 1
9111611919,’,1’6. 78, 1, 9116115919. 111,ι4 9111111,9. ’5,76. u, 19,
’ 13⁰.» ,P‘fflbjffae 34· 391 847 &⁰4 Ἴ, ·

 

