‚ petulantia 3c1,1

91761117 164, 6

7116711’11111,.
169,1

91661110 14,, 11

9161110111 165 43,2

71611111 1104

peste191,11

9161111111,1

916177111619,9

7116717147. 151,9

peras 55 7

7114119 21.117,7

91111171 1111115, 8

, 911111111414. 5ο,9 79,
12

9111611111 117, 16

7111111169, 16

9111111111 190, 16

71114167 117, 1. 191,,0

71111660176, 8. 157,ss

7 91111115, 10. 19, 7· 27. 9,
611.

91111111119,1.
1’1,6 11 ,,9

, ωο11μ9164ωο

6,161 15.

102, 11.

7 9111111111 11, 9

7111111914

’ 91171401

7117117161 176, 18

pthnmuszy ,,115,9 ’

petis t,167 7
711177,1155 . 5,1965

9111171711) 1,25
711171’7,011156 16

- 7111717011· 111 19, 14

petitum 117, 11
petiturum 116, 5
911711111179, 15
petiverat 169,19
91171611 147, 9
9117111171 154, 9
· 9111111111711
petivit 150, 11

’ Petreio 54,4
· Petreius 54, 15. 55,4 ,

9010714111151, 6

9111111111 151, 11

2. 225, 27

71111116611111144, 16

91101111716111171 116, 13

7111111114, 115,15

9111111 58, 4. 191, 20, 149,
9. 110,7

phaleras 132, 20

9111611761 171, 1

Phiiaeni 126, 21

Plnlaenia 116, 6, 11 ·

· INDEX
Ρ717111101176,7

Philippi 189, 6
Philippo 169,1,5

Ph illi 19904111 160, 11
Philippus 164,1.
Phaenicen 77, 15
Phrygas 107 5
Phryg112021
6617971111 105, 6
9711111,6

Ρ71111055 ,.11 51, 14
Ρ111111161,10’199,6
Picenum 22,1. 23218
1666191175

pistas 10, 2
9711116611 ,

Ι7717111110, 15

9191111416
97,9111111515. 190,7
7791161,6.66,10. 167,

1. 19016 7
9794011115, 15
9740711541,
91715416.111,6 ’
7171111711 175,19
97111711111114 9
9711111107 15

· 9771711171 17511.

97 cium 201, 23
1)’76167114111101.10

, Ρ1115 11. 16, 6, 11. 38,

Ρ760717171615, 16. 16, 15
Ρ 60711161 96216 ’ ὀ
Ρ76701·71116111151,11.
placandi 121, 24
911111199, 17 146,19.
9717167171, 11. 116,16
placebat 1156. 155· 3

611.

,munim 115, 16
placuisse 60, 1ο

- 9710117611 146, 1

97411171 110, 10. 151. 15.
717177607”1 ”8’ 4

71616105714

planitiem 119, 6. 196,19.
’11114

7111111111 59, 15. 94, 17.

9117161717 705, 9 ,

plaustra 104, 11

1111176151

Ρ11111711116,5 ,

plebe 77, 16. 99, 7. 116,
32· 218,25. 222,15

plebeii 183, 1

plebem 22, 19. 15, 10, ·

7111667191. 30, 5,1ο,

7166767, 12. 129, 11, &c-

7171671 16, 12. 51, ,16, 611.

plena 96, 5. 701,Ι 19. 197,
15 ¹

. 7111711155, 9

pleno 14155 ’

plenusz51,5 ,

7111144111 6, ,,15 14, 14,
&c.

pleneque 125, 25

7711164111116, 5

1111111116. 1111
1111661

9111764111 16, 1. 27, 15,
611.

7117964111 30, 3· 54, 11,
1

plerumque 65, 15. 60, 3,
placent 89, 14161, 9, 71117771 100, 27 ·

71111110,11.19.,6 60,

7111111166, 17.99,9. 115, 1401.

20· 167,2 Α
9111111111111 64, 9

7117791 67, 14117, 17,
'C

91212144,7. 51,11 154, 77111164·10145,7

1.111,9,7 -’
7111111197 197 121, 17.
¹23 27· 117679
9711767711 32,
placido 176, 2¹7
7111711111 79, 11
7711760111 117,19
patuerat 67 6.135,19
9111161150, 1

pluribus 404, 16,. 111, 10.
9111161711 15 10. 71, 12.
7111117111165159,9 Μ = ,¹
9111171191 111 ,, 16

7171111111114114

97117911151,11.196,15
plurimuszo, 44 ῃο,4

· ¹. .. 970171170416. 14,6,ἅ1.

 

