⁴ 11111111

111ρὶ 6, 9. ⁶52²· 133,111ἷρὲι11111199,10 moretum

21. 118, 13 11117ρυ0116, 11. 1110111381
accepimus 08, 13, 78, 11. 1111111198 1111100,13

113, 11 acciti 141, 11 aenaria 173, 14
1111718189, 19 1111111131, 13 1111101110, 11-
1111918111197, 3 1111101116, 7 1119011111160, 14
accepist-”suffla 1111111111117,4 addendo 113, ιι
111171811133, 11 111111161111173, 10 11111131, 13. 140,
11119111189. 3 ’ 11111118149, 9 adderent 134, 13
111191180,11.81,11.83,111111111146,19. 131,6 1111111113, 11. 94,1ο

7. 101, 8. 107, 9, 111, accusantur 131, 16 11111349

14. 136, 16. 143, 6. 11111111 33,,1. 110, 17. 111111110199,4

130,6 131,9 11111111149, 13. 111, 11
1111911811. 33, 1. 80, accusatur 38, 1 1111181177,11

17. 117,11,13ο,14 11117911. 83,1ο 1111111141, u
1111711111 131, 9’ 1196111110. 113,11 1111111011. 114, 3
11911183, 10 11116111147, 18 additamenta 224, 3
acceptis 147, 3 1111616011 163, 6 additamentum, 11.

. 1111711184, 3. 177,1ο 41118ῑ1111111119ο,1 11111139, 16. 110, 11.

1111701163, 1. 189, 7. 11118111 ιοο, 4. 118, 11 119, 14
111, 19 “ 111111191198, 3 addin 231, 13
nccepzumque 119, 3 1111601141, 1 1111111111 143, 3
111171111911167,11. 111, 7. 111111111191,19 adduci 31, 3. 114, 14.
131,16 acerrimi· 74, 9. 83, 1. 136,3
accusem 33, 3. 96, 11. 111,13. 111, 17. 143. 111111ὶί 31, 3, 114, 13.
10113. 119,6 13 111, 11
1111111133,14 1111100949 1111161111 37, 13. 83, 7.
1111161114, 9. 164, 13 1111111033 94,11. 103,14
111116011133, 11 [1111111110194 11111111130, 18. 146116
111181111131,9 1111331. 104, 7. 108, 11111ἷ11ῐ111οη
1111811111118,9 “ 11. 14319. 171, 13. 1111111644
1111611177,3 18619 1111113310. 80,13
111111111173, 17 aciem 33, 16. . 103, 6, 8. ademeris 111, 19
1111188111 111, 11 111. 7, 10. 112, ¹4· ademptum 111, 14
1101801111116,3 146, 6, 13 111130, 6. 31, 3. 39, 3.
1111111143, 1. 113, 11. 1111111313 117,ιο. 133,11. 134.
114,11. 11913 1191111138 9. 1398. 161, 8. 173.
11111111189,19 1118191. 14 17. 111, 100, ¹7
111111111141,1 acri 63, 8. 8418. 110,111111911118,18
1111111111 116, ιο 9 1119117, 7
accidet 41, 19 11101136, 13 adeptam 146, 16. Ι167, 3
11111111 897 1111113417. 84,11 adepti 10, 4. 31,6. Ι98.
1111111ἶ1171,7 11111181,19.130,11.141, 4, 115, 9. 119. 2}-
1111111 141, 11. 186, 1. 11. 144, 9. 14613. 116, zo
118,16 167,19 1117110798 .
accipe 13313. 110, 14. 11111981. 109. 13118, adeptum, 19. 49,16. 33,
117, 11 13, 111, 13, 17. 131, 3. 11. 61, 3. 164, 18. 23²»
accipere 141,13. 143, 18 140, 3. 141. 1. 130,· 16
11119111110171, 13 3,(’1 aderant 119, 13, 119,16.
1111911111101188,11 16111 86,4 140, 1, 13. 143, 16.
1111311111183, 14 1801011111 104, 34 191, 13

Ι 11119111113ο,8 1111713. 198,1 11111191,1ο.ιο7,11.1’11,
11119111118,13 1816111119. 9 ³ 41 ¹43· ¹²
..ι-11111. s· ⁶⁶‚1 1131111111· 11111 1811134118
1109811639 1611οηί61134,7. 77,9 1111011146, 18
1111ρί111 83, 14. 133, 17. 111Ξο111111 131, 4 11181 34, 4. 64, 19. 111, 4.
197,9 11813310. 1191 10313. 1433111. Ι

 

