,1

’100110101111

tenturus, 106, 1. 116, (0611111104, 8. 1075 101171111110,ι

16 0071117, 18. 51, 4. 55, corrupti 6, 1. 92, 7. 151,
conturbaret 58, 11 3· ⁶72 25‚&c. ¹9 ,
⁶⁰⁰t⁰¹b²¹33¹24 copiis 29, 3. 54, 6. 48. 0011117110 1995
ωῃ,,,1,,ῑῑ,,,47,7, 15 16.51,19,610. corruptrs 11, 6. 85, 1.
1011011111117, 14 coquum 133, ¹9 159· 5· 71116
contusa, 101,1 001611 64, 19. 155, 5.10111196611111165,8
convenas 191,11 136, 32 corruptor 207, 14
convenam: 16, ς (2016011101 202, 18 corruptorem 211, 15
convenerat 96, 16. 105, 1011119118 00110710195,11
⁴ ¹9 00161157, 18. 140, 15 10111010191,9 ,1
0011116116, 11. 14, 6 Corneliis 57, 1 corrupturum 92, 7
convenerunt 66, 8 Corneliorum 54,ἰ4 corruptus 86, 15. 110, 15.
conveniet215,15 · Cornelius 14, 11· 22, 15. 226, 2
convenire 155, 11 161,10 Corr'a 175, 8, ιο
conveniret 83, 3 cornibus 105, 7 Corycum 170,18. 171, ’1
0011011161 16, 19 cornicines 169, 55 (2011101, 15
1011011611186, 51 cornicinum 140, 8 0018157, r. 158, 6. 181,
convenit 41, 16. 96, 5 (30116190 57, 8 7
conveniunt 54,-15. 117, 00101111175,8 “ Cotta 180, 11. 186, 16.
¹9- corpora 16, 7· 141, 15. 197,15
conventione 19918 146, 11810. Cottam 15, 15. 190, 7
” conventam 154,14 00170101, 4, 8, 8. 55,15. craffi 116, 18. 151, 1ο.
conventu 67, 5 58, 6, erc. 154, 1
conventum 19, 14, 191,001701ἰ197,14. 116, 9. 01160167. 51, 6. 57, 8,
16 154,14 11, 58,1,8
conventura 128, 29 1017011601111,1ς Crassum 15, 1. 57,15.
101111111511. 86,5 · eorporis 1, 6. 2, 6. 5,15. 58,1ι
conversa 115, 18. 150, 1916110. 0116015810
16.116,1ι.116,16 , 00191111,1ο.4,8.5,15.01111611111,7
converso 111, -14 6, 15, ste. , crearetur 97, 17
conversus 84,14 correcta 141, 15 creati 179,11
converteret 111, 1 correptio 15, 16 0101111110,1ς
eonvertiffe 191, 9 correxit 151, 11 ereberrimos 151, 15
0011011117, 1. 19, 16 corrigar 59,7 crebras 101, 3
r 001111ἰ11011119,8 1011111614111111,16 · 0116111144,18
00116611 11, 10. 48, 16 00165148, 10 crebritate 119, 19
1016610441, 15 Ι corrigitu1·2r4,1 . (1161015515
00111111111,15 101111111109,1ο 0111111110, 1. 149, ιο.
10161117, 10. 6ο. 1, 10110118111114,17 11511
134, 3 1011·1111716111174,5ῐ erede-brt 20, 18. ’11, 1.
001611010515 corrumpebantur 159,8 11,1. 51,11
111111111155,18 corrumpendum 62,8 111618161181, 5 ·
0011001114, 6. 11,8 eorrumpere 54, 19.· 95, 5, 01161160159,15
convocato 50, 17 ι 110,1 “ credens 16, 10. 15, 18.
1011111611180,1 corrumpit 143 7 ’ 114,10. 186, 20
eonverrrt146, 17 corrumpunt 124, 26 credere 14, 6. 101, 14.
conperrum 70, ¹4 corruperantrrr‘r, 16 111,11. 138. 15. 151,
coopertus 20‚5 corruperat 97, ι. 148, 16 “ 9, 18. 101,,4
coortum 111, 14 (01107611776. 222, 27. 1116111111 15, 1. 15, 8. 94,
coortus 116, ιι · corruperunt 165, 4 6
007ἰ15, 11. 8, 7. 9, 17. 1011070161151, 10 erederet 115, 9. 151, 1.
14, 16, 611. eorrupit138,18 104, 51
’ 009115161ιό corrupta 4, 10. 11, 15. 01164517
3 49, 4. 114, 15. 159, 1116161115,ιὸ
copiam 107, 50. 110, 6. 9,214, 10 01061661111,4
118,7,11. ι54,9 corruptum, 11 , 0161611111114,8

Χ

 

